  -6.0493772e-01  -5.9360987e-01
  -5.3218565e-01  -4.5030067e-01
   6.5675766e-01   1.2305112e+00
   2.1114132e-01   2.2215024e-01
  -7.8584699e-01  -1.2894303e+00
  -2.8837163e-02  -5.1282570e-02
   9.1145801e-01   1.7969930e+00
   6.4914705e-01   1.3578677e+00
   3.7733460e-01   6.5414270e-01
  -6.2730678e-01  -6.4536494e-01
  -5.9135384e-01  -6.3328977e-01
   2.4674432e-01   4.0233359e-01
  -5.7372298e-01  -5.2080668e-01
  -9.0119151e-01  -1.9896882e+00
  -2.2020032e-01  -1.4840310e-01
   2.5878552e-01   3.8565033e-01
   9.6106513e-01   1.8064387e+00
  -6.8884950e-01  -9.2835686e-01
   6.5534061e-01   1.2621527e+00
   7.0785616e-02   5.7389983e-02
  -4.8155880e-01  -3.8935238e-01
   7.8768019e-01   1.5508650e+00
   1.1526545e-01   8.7970722e-02
  -2.5447439e-02  -8.8757654e-02
   7.0316191e-01   1.3795576e+00
  -9.4437728e-01  -2.2042383e+00
   6.9617329e-01   1.4913585e+00
  -6.3736100e-01  -7.6334310e-01
  -3.9021544e-01  -2.4290304e-01
   5.0273991e-01   8.8215265e-01
  -4.3704305e-01  -4.1720773e-01
  -9.4594247e-01  -2.2385608e+00
  -7.6756804e-01  -1.1279218e+00
   2.3524484e-01   2.7198099e-01
   1.0404015e-01   1.9457514e-01
  -8.7833174e-01  -1.8203103e+00
   6.2373314e-01   1.2490534e+00
  -6.5352537e-01  -8.7066457e-01
   5.5621791e-01   1.1334583e+00
  -4.5177067e-01  -5.1681649e-01
  -9.5501241e-01  -2.1982494e+00
  -5.3592580e-01  -4.7545608e-01
  -4.0635280e-02   6.0298939e-02
  -9.4670419e-02  -1.5469686e-01
   4.6521602e-01   7.7873635e-01
  -5.2623751e-01  -5.9750126e-01
  -5.1813283e-01  -4.9272634e-01
   2.3348358e-01   2.3434856e-01
  -8.5922259e-01  -1.7283058e+00
  -8.4881262e-01  -1.6857944e+00
  -3.7148488e-01  -3.2554071e-01
  -5.6531767e-01  -5.7224176e-01
   8.0350353e-01   1.6466356e+00
  -6.4743755e-02   1.8584888e-02
   7.5968950e-01   1.6463542e+00
  -8.6301047e-01  -1.7820649e+00
  -8.7570083e-01  -1.6914514e+00
  -7.2276551e-01  -9.2628465e-01
  -4.4528606e-01  -3.5369227e-01
   1.0256720e-01   8.1763528e-02
  -3.0982436e-01  -2.1593172e-01
   9.2314035e-01   1.8589502e+00
   1.7336523e-01   2.7179423e-01
   9.2748492e-01   1.8243786e+00
  -5.3788225e-01  -6.3899575e-01
   6.6520718e-01   1.2639999e+00
  -1.5134780e-01  -2.3128317e-01
   1.4789863e-01   2.3497379e-01
   6.0890044e-01   1.1402761e+00
  -9.9881135e-01  -2.6986423e+00
   1.0723181e-01   8.2377267e-02
   6.7446580e-01   1.2848988e+00
  -1.1073530e-01  -4.7182478e-02
  -1.4572434e-01  -1.8839408e-01
   6.5639915e-01   1.4132590e+00
   4.7014704e-01   7.9908764e-01
   8.6209410e-01   1.7861373e+00
  -9.7391668e-01  -2.3257384e+00
   4.6070624e-01   8.4920130e-01
   4.9640579e-01   9.5915794e-01
   9.7145905e-01   1.9043042e+00
   6.9647079e-01   1.4133080e+00
  -3.6760988e-01  -2.7908019e-01
  -7.4000481e-01  -1.1535532e+00
  -5.8988227e-01  -6.1377571e-01
   7.8742986e-01   1.6545234e+00
   7.0365619e-01   1.4541715e+00
  -8.3517424e-01  -1.4248387e+00
   7.9398500e-01   1.6573419e+00
   1.7441251e-02   7.6359085e-02
  -6.8024992e-01  -8.6665154e-01
  -8.6171959e-01  -1.7256399e+00
   5.0344945e-01   9.7370804e-01
  -5.1572688e-01  -6.0710335e-01
   3.9437354e-01   6.6980144e-01
   9.6111645e-02   1.8195586e-01
  -5.8921295e-01  -6.0134348e-01
   5.0525547e-01   8.2294687e-01
   6.7137101e-01   1.3087951e+00
  -7.6279009e-01  -1.2288984e+00
   9.1425525e-01   1.8894859e+00
  -9.4268467e-01  -2.0973547e+00
  -4.9030196e-01  -3.7987360e-01
   1.6650965e-01   2.3483766e-01
  -8.7671185e-01  -1.7326244e+00
   1.1584803e-01   4.9732103e-02
  -2.5123393e-02  -2.5790081e-02
  -4.0294677e-01  -4.4961877e-01
  -3.1796162e-01  -2.3620043e-01
  -8.8678467e-01  -1.9239823e+00
   3.4056936e-01   4.5027798e-01
   5.6640104e-02   1.0461608e-01
   2.5938924e-01   4.3764721e-01
  -5.8323756e-01  -6.8313032e-01
   1.2510628e-01   1.7926443e-01
   3.4543067e-01   4.5241361e-01
  -1.3533849e-01  -3.6062996e-02
  -3.7566746e-01  -2.6960588e-01
  -5.8786132e-01  -6.9022218e-01
  -9.4746479e-01  -2.1374977e+00
   2.9550115e-01   3.7543846e-01
  -6.6259631e-01  -8.7048354e-01
   2.3284642e-01   3.9486630e-01
   5.4546519e-01   1.1173869e+00
   2.6945105e-01   4.7070454e-01
   8.0111849e-01   1.6763469e+00
  -1.9652456e-02  -1.1329983e-01
  -8.7065904e-01  -1.6503375e+00
  -8.1707516e-01  -1.3589724e+00
  -4.3038437e-01  -4.8664787e-01
  -3.6725933e-01  -3.6047226e-01
   5.4799366e-01   9.2911926e-01
  -8.1992854e-01  -1.3824740e+00
   1.9620651e-01   2.1518287e-01
  -4.9678045e-02  -1.8418833e-02
  -3.0967631e-01  -3.4827289e-01
  -6.6938328e-01  -7.7874708e-01
  -1.4255862e-02  -9.4354224e-02
  -1.9387103e-01  -1.6163349e-01
  -3.5740205e-01  -4.0433499e-01
   3.4696140e-01   4.7108301e-01
  -5.0878667e-01  -5.8324484e-01
   8.6680880e-01   1.7652692e+00
   8.8263080e-01   1.7950229e+00
   7.0689217e-01   1.4530281e+00
  -2.4860445e-01  -2.0088416e-01
  -5.6180448e-01  -5.0439349e-01
  -4.7153446e-01  -5.1490018e-01
  -9.5733741e-01  -2.3762283e+00
  -2.0293347e-01  -1.3969567e-01
   8.1962449e-02   1.9736435e-01
  -6.4722823e-02  -1.7526782e-01
   6.3300500e-01   1.2611756e+00
   8.0586444e-01   1.5491946e+00
  -8.1456910e-01  -1.3258529e+00
   3.2521518e-01   4.9257985e-01
  -4.8924942e-01  -4.9210634e-01
   1.9842742e-01   2.2355740e-01
   7.8451427e-01   1.5662185e+00
   1.3914142e-01   1.3810129e-01
  -1.0101008e-01  -6.1990724e-02
  -6.3756110e-01  -7.8640969e-01
   3.0610218e-01   4.1620655e-01
  -2.6031889e-01  -2.1067769e-01
  -2.4252706e-01  -2.0173758e-01
   1.8441800e-01   1.6311686e-01
  -6.2348261e-01  -6.6779053e-01
   2.5497129e-01   2.9665725e-01
   4.6852936e-02   1.7889032e-02
  -3.7603918e-02  -1.4494894e-01
   7.7625018e-01   1.6891332e+00
  -9.0046600e-01  -1.8394559e+00
   8.0631702e-01   1.6636872e+00
  -3.8272266e-01  -4.0899023e-01
  -8.6036144e-01  -1.5682776e+00
  -4.0118967e-01  -3.1347120e-01
   8.6440635e-01   1.8164945e+00
   8.4560283e-01   1.7415193e+00
  -6.7729210e-01  -8.5058218e-01
  -7.0489044e-01  -9.6295996e-01
  -7.9165150e-01  -1.3989754e+00
   8.3848537e-01   1.7343910e+00
   1.3707529e-01   1.8830027e-01
  -7.8302932e-01  -1.2767397e+00
  -4.4024803e-01  -4.2116576e-01
  -3.3933528e-01  -2.3518740e-01
   4.8499997e-02   9.5787338e-02
   2.9499294e-01   5.1192611e-01
  -5.7146370e-01  -6.1695322e-01
  -3.9598745e-01  -4.4818009e-01
  -1.4496998e-02   6.7007016e-02
  -2.7588722e-01  -1.7533343e-01
  -4.1198803e-01  -3.9403158e-01
  -6.1362332e-01  -7.6536496e-01
   4.0360245e-01   7.8062779e-01
   8.9516766e-01   1.7261767e+00
   8.8655681e-01   1.8747608e+00
  -7.3790884e-01  -1.1365840e+00
   1.1761100e-01   2.5834680e-01
   3.7476153e-01   6.4215188e-01
