  -1.1530509e-02  -9.7225652e-04
   7.9536213e-03  -4.1664342e-03
   1.3872671e-03   6.2207596e-03
  -1.0720455e-02  -3.7446501e-03
   1.1383815e-02   6.1460936e-03
   3.5900347e-03   4.5581058e-03
  -1.1871106e-02   2.8590116e-03
  -5.8516950e-03  -6.7339534e-03
  -6.4625390e-03   5.7647244e-03
   3.3593662e-03   5.9204668e-03
   6.7277660e-02  -6.4886504e-03
   6.2710013e-02   6.1336071e-03
   5.7052755e-02   4.0027598e-03
   7.0391647e-02   1.0833665e-02
   6.0287354e-02   3.8141790e-03
   7.2166216e-02   1.1648949e-02
   5.3848726e-02   1.2397510e-02
   6.8246022e-02   1.9581120e-02
   6.1440846e-02   2.0228543e-02
   6.2730886e-02   2.2834471e-02
   5.2780759e-02   3.5413881e-02
   7.1653642e-02   2.6244778e-02
   6.6030205e-02   3.1313140e-02
   6.5006793e-02   3.7913451e-02
   5.2444798e-02   4.0094346e-02
   6.3285200e-02   4.5880044e-02
   5.8755067e-02   4.6079313e-02
   5.4095167e-02   4.8301283e-02
   6.2172610e-02   4.7777135e-02
   5.3804571e-02   4.8559850e-02
   5.3209094e-02   5.4991350e-02
   6.6788474e-02   5.3625237e-02
   6.4779840e-02   5.5857814e-02
   7.1211751e-02   5.2783291e-02
   6.0996042e-02   6.6004332e-02
   7.2031568e-02   5.4848476e-02
   5.8761252e-02   6.2892431e-02
   6.5263901e-02   6.7206491e-02
   6.7375610e-02   7.0212177e-02
   4.9187609e-02   6.8492480e-02
   5.1111340e-02   7.2602395e-02
   6.3383224e-02   7.1170647e-02
   6.2949830e-02   6.0102423e-02
   6.4020791e-02   6.1886132e-02
   7.0202881e-02   6.5963318e-02
   5.1021227e-02   6.2402034e-02
   6.3212690e-02   7.2933415e-02
   6.4628940e-02   7.0208419e-02
   6.4507357e-02   7.3308962e-02
   6.8368108e-02   6.6814286e-02
   6.4839179e-02   6.7308606e-02
   5.7040608e-02   7.4824272e-02
   5.6371941e-02   7.6608164e-02
   7.0212141e-02   7.5917799e-02
   6.3215243e-02   7.4772070e-02
   6.2082573e-02   7.1747798e-02
   6.1526152e-02   6.6358626e-02
   5.8872528e-02   7.4815548e-02
   5.7567815e-02   7.5183247e-02
   6.2575877e-02   7.4295019e-02
   5.5683373e-02   7.5053305e-02
   7.0949274e-02   6.6443985e-02
   5.4925629e-02   7.0974993e-02
   5.4236960e-02   7.0903382e-02
   7.0297436e-02   7.0870182e-02
   5.3086974e-02   7.3805688e-02
   7.0403819e-02   6.5051117e-02
   6.8383873e-02   7.3950643e-02
   6.2156940e-02   7.6004229e-02
   5.9589582e-02   6.6432802e-02
   6.0223114e-02   7.6611070e-02
   6.3104799e-02   7.4631989e-02
   6.4616587e-02   6.6898762e-02
   6.1200804e-02   6.4967181e-02
   5.4736954e-02   7.5202234e-02
   5.5973802e-02   6.7197429e-02
   5.0763177e-02   7.3869916e-02
   7.0178504e-02   6.8844006e-02
   5.4782716e-02   7.5428101e-02
  -6.6878723e-01   7.0737684e-02
  -6.7637809e-01   7.7721272e-02
  -6.8150983e-01   4.9923886e-02
  -6.6918661e-01   2.4411040e-02
  -6.7963180e-01  -2.2026406e-02
  -6.6372291e-01  -6.5090977e-02
  -6.7349418e-01  -1.1151187e-01
  -6.8586537e-01  -1.6078355e-01
  -6.6666301e-01  -2.1037029e-01
  -6.8391773e-01  -2.6178452e-01
  -6.6388892e-01  -3.0890024e-01
  -6.8467181e-01  -3.5633287e-01
  -6.7635358e-01  -3.9688950e-01
  -6.6400005e-01  -4.3462644e-01
  -6.6545756e-01  -4.7407460e-01
  -6.6874188e-01  -5.0875378e-01
  -6.6993326e-01  -5.4123622e-01
  -6.6377065e-01  -5.7510854e-01
  -6.7537622e-01  -6.0278628e-01
  -6.6989170e-01  -6.2247569e-01
  -6.7716596e-01  -6.4738817e-01
  -6.6510890e-01  -6.7026760e-01
  -6.7478155e-01  -6.9119185e-01
  -6.7172783e-01  -7.0404913e-01
  -6.6556994e-01  -7.2625596e-01
  -6.6867754e-01  -7.3353637e-01
  -6.8337375e-01  -7.4333931e-01
  -6.8627032e-01  -7.6488711e-01
  -6.6780061e-01  -7.6677937e-01
  -6.7964348e-01  -7.7645154e-01
  -6.6829809e-01  -7.9538649e-01
  -6.7154530e-01  -7.9378347e-01
  -6.7704684e-01  -8.0584252e-01
  -6.7205787e-01  -8.1290017e-01
  -6.7663569e-01  -8.0907369e-01
  -6.7255969e-01  -8.1433048e-01
  -6.7578430e-01  -8.3020887e-01
  -6.6590158e-01  -8.3541688e-01
  -6.6865595e-01  -8.3943705e-01
  -6.6401204e-01  -8.3808959e-01
  -6.7754240e-01  -8.4352349e-01
  -6.7051258e-01  -8.4251268e-01
  -6.8428160e-01  -8.3889127e-01
  -6.7081168e-01  -8.5064106e-01
  -6.8045934e-01  -8.4546049e-01
  -6.8345386e-01  -8.4844797e-01
  -6.7180106e-01  -8.4788741e-01
  -6.7182728e-01  -8.5013083e-01
  -6.6666554e-01  -8.6050921e-01
  -6.7143321e-01  -8.6060588e-01
  -6.7631405e-01  -8.5557505e-01
  -6.8122116e-01  -8.5418803e-01
  -6.6747300e-01  -8.6042416e-01
  -6.7010798e-01  -8.5891086e-01
  -6.6746954e-01  -8.5536826e-01
  -6.6894340e-01  -8.6681405e-01
  -6.7940212e-01  -8.5657611e-01
  -6.6873354e-01  -8.6593953e-01
  -6.6970914e-01  -8.6278391e-01
  -6.6590532e-01  -8.6441504e-01
  -6.6455666e-01  -8.6966169e-01
  -6.8646371e-01  -8.5748079e-01
  -6.8157425e-01  -8.5875091e-01
  -6.7513894e-01  -8.6117080e-01
  -6.7346118e-01  -8.6552340e-01
  -6.6495605e-01  -8.6247068e-01
  -6.8076325e-01  -8.6481217e-01
  -6.8337995e-01  -8.7148504e-01
  -6.7266416e-01  -8.5977521e-01
   5.0513947e-01  -8.7236791e-01
   4.9582558e-01  -8.7023918e-01
   4.9781687e-01  -8.2482316e-01
   4.9467169e-01  -7.6545606e-01
   4.8617206e-01  -6.9724200e-01
   5.0726304e-01  -6.0562312e-01
   5.0672413e-01  -5.1142180e-01
   4.8372267e-01  -4.1082241e-01
   4.9546755e-01  -3.1637503e-01
   4.9885576e-01  -2.3060136e-01
   4.9342158e-01  -1.4120214e-01
   4.8866963e-01  -5.0282303e-02
   5.0597748e-01   2.4516046e-02
   4.9497778e-01   1.0653734e-01
   5.0326556e-01   1.7035768e-01
   4.8848844e-01   2.4217240e-01
   4.8920397e-01   2.9808275e-01
   4.9634660e-01   3.4933753e-01
   4.8855096e-01   4.1142675e-01
   4.9025885e-01   4.4840344e-01
   5.0457772e-01   5.0079597e-01
   5.0489571e-01   5.3655454e-01
   4.9504727e-01   5.6357316e-01
   4.9572836e-01   6.0391649e-01
   4.8646599e-01   6.3121732e-01
   4.9210539e-01   6.6452252e-01
   4.9379128e-01   6.8097031e-01
   4.8999276e-01   7.0112801e-01
   4.9720573e-01   7.3032494e-01
   5.0061473e-01   7.4532315e-01
   4.9159697e-01   7.5566446e-01
   5.0028985e-01   7.7559638e-01
   4.9119075e-01   7.8527337e-01
   5.0620652e-01   8.0274910e-01
   5.0281154e-01   8.1152566e-01
   4.8821117e-01   8.2114196e-01
   4.8651678e-01   8.2131539e-01
   4.9908836e-01   8.3096574e-01
   5.0032074e-01   8.3560861e-01
   4.8503155e-01   8.4880527e-01
   4.9849660e-01   8.5290356e-01
   4.9773334e-01   8.6588415e-01
   4.9226586e-01   8.5847363e-01
   4.9569176e-01   8.6547099e-01
   4.9857035e-01   8.7572108e-01
   4.9306940e-01   8.7876319e-01
   5.0659020e-01   8.8561225e-01
   4.9811292e-01   8.7569062e-01
   4.8776644e-01   8.8120347e-01
   4.8995864e-01   8.9165203e-01
   4.9878093e-01   8.8433165e-01
   4.8508637e-01   8.9547678e-01
   5.0401905e-01   8.9400390e-01
   4.9145696e-01   8.9385789e-01
   5.0411371e-01   8.8821365e-01
   4.9207887e-01   8.9545655e-01
   4.9260445e-01   8.9802643e-01
   5.0016480e-01   8.9610581e-01
   4.8723259e-01   9.0022065e-01
   5.0336047e-01   8.9960679e-01
   5.0490321e-01   8.9872814e-01
   4.8860755e-01   9.0645708e-01
   4.8539638e-01   9.0196892e-01
   4.9468466e-01   8.9652477e-01
   4.8708061e-01   9.0753390e-01
   4.9397774e-01   9.0063766e-01
   4.9976110e-01   9.0088665e-01
   5.0643152e-01   9.0113940e-01
   4.8726403e-01   9.0958359e-01
  -4.2112466e-01   9.0339369e-01
  -4.3556094e-01   9.0259774e-01
  -4.3595440e-01   8.8467969e-01
  -4.2713471e-01   8.2926248e-01
  -4.2698548e-01   7.7365017e-01
  -4.2666085e-01   7.0993366e-01
  -4.3533530e-01   6.4151571e-01
  -4.3178886e-01   5.7291504e-01
  -4.3721064e-01   5.1197519e-01
  -4.2658806e-01   4.4747997e-01
  -4.3474458e-01   3.8010641e-01
  -4.3846382e-01   3.0961265e-01
  -4.3134541e-01   2.6172627e-01
  -4.3508507e-01   1.9721595e-01
  -4.1655939e-01   1.5045570e-01
  -4.2026937e-01   9.8269021e-02
  -4.2925164e-01   5.4738670e-02
  -4.3030261e-01   1.9170385e-02
  -4.1586628e-01  -1.5063956e-02
  -4.3677314e-01  -5.1232104e-02
  -4.2218880e-01  -8.8839464e-02
  -4.3093325e-01  -1.2179197e-01
  -4.3074336e-01  -1.4505524e-01
  -4.3613139e-01  -1.6938365e-01
  -4.2726561e-01  -1.8872786e-01
  -4.3075300e-01  -2.0996438e-01
  -4.2801551e-01  -2.2615671e-01
  -4.2588502e-01  -2.3889021e-01
  -4.1593754e-01  -2.5890704e-01
  -4.3299594e-01  -2.6634319e-01
  -4.3734756e-01  -2.8155236e-01
  -4.3896878e-01  -2.8457646e-01
  -4.1975350e-01  -2.9601598e-01
  -4.2139098e-01  -3.0346199e-01
  -4.3417175e-01  -3.1268115e-01
  -4.2566183e-01  -3.1891503e-01
  -4.2660606e-01  -3.2291020e-01
  -4.2899582e-01  -3.3275389e-01
  -4.2928984e-01  -3.3671788e-01
  -4.3803720e-01  -3.4338064e-01
  -4.1752116e-01  -3.5240771e-01
  -4.2121172e-01  -3.4688751e-01
  -4.2735406e-01  -3.5991306e-01
  -4.2543697e-01  -3.6344253e-01
  -4.2973975e-01  -3.5924791e-01
  -4.1839054e-01  -3.5721128e-01
  -4.3821981e-01  -3.6319632e-01
  -4.2813450e-01  -3.7382884e-01
  -4.1695363e-01  -3.7349804e-01
  -4.2464479e-01  -3.6916833e-01
  -4.2193584e-01  -3.7187649e-01
  -4.2649928e-01  -3.7262804e-01
  -4.1729705e-01  -3.7756076e-01
  -4.2410748e-01  -3.8005528e-01
  -4.1579299e-01  -3.7352753e-01
  -4.1790783e-01  -3.8175158e-01
  -4.1778421e-01  -3.7320621e-01
  -4.1894663e-01  -3.8051709e-01
  -4.2930648e-01  -3.7591413e-01
  -4.3652541e-01  -3.8010446e-01
  -4.2294153e-01  -3.7603727e-01
  -4.1799689e-01  -3.7600630e-01
  -4.3795431e-01  -3.8860953e-01
  -4.2154643e-01  -3.8146118e-01
  -4.2300553e-01  -3.7626471e-01
  -4.2365291e-01  -3.8939245e-01
  -4.1751924e-01  -3.7808185e-01
  -4.2397287e-01  -3.8413067e-01
  -4.1596752e-01  -3.8695686e-01
  -7.8049264e-01  -3.8294907e-01
  -7.6899294e-01  -3.8121623e-01
  -7.8649840e-01  -3.9597358e-01
  -7.7169967e-01  -4.3171725e-01
  -7.7295764e-01  -4.6809934e-01
  -7.8538264e-01  -5.1413963e-01
  -7.7534299e-01  -5.5084731e-01
  -7.6891010e-01  -5.9285743e-01
  -7.8000036e-01  -6.4286168e-01
  -7.8586194e-01  -6.9247252e-01
  -7.7787302e-01  -7.3396515e-01
  -7.8130607e-01  -7.7093449e-01
  -7.8058198e-01  -8.1070817e-01
  -7.7610606e-01  -8.4759627e-01
  -7.7800429e-01  -8.8888547e-01
  -7.7745646e-01  -9.1671906e-01
  -7.7931507e-01  -9.4438330e-01
  -7.8605971e-01  -9.6835168e-01
  -7.7813355e-01  -9.9215247e-01
  -7.7117662e-01  -1.0115410e+00
  -7.8742305e-01  -1.0367828e+00
  -7.8039000e-01  -1.0589036e+00
  -7.6928558e-01  -1.0691376e+00
  -7.7887470e-01  -1.0837789e+00
  -7.8381441e-01  -1.0984329e+00
  -7.7233902e-01  -1.1207951e+00
  -7.7322202e-01  -1.1270172e+00
  -7.8169297e-01  -1.1421969e+00
  -7.8450886e-01  -1.1511921e+00
  -7.8559384e-01  -1.1512421e+00
  -7.8177841e-01  -1.1691393e+00
  -7.6672551e-01  -1.1769911e+00
  -7.7312042e-01  -1.1720263e+00
  -7.8392131e-01  -1.1766536e+00
  -7.8348157e-01  -1.1824031e+00
  -7.8096183e-01  -1.1962511e+00
  -7.7520498e-01  -1.1910260e+00
  -7.6877633e-01  -1.1998422e+00
  -7.6938124e-01  -1.1985240e+00
  -7.8438902e-01  -1.2076804e+00
  -7.7580490e-01  -1.2077207e+00
  -7.7119486e-01  -1.2106486e+00
  -7.8065224e-01  -1.2193818e+00
  -7.8165206e-01  -1.2195151e+00
  -7.8177383e-01  -1.2215752e+00
  -7.7621953e-01  -1.2207012e+00
  -7.8456223e-01  -1.2180232e+00
  -7.7900223e-01  -1.2196200e+00
  -7.6740808e-01  -1.2304467e+00
  -7.8263096e-01  -1.2196027e+00
  -7.7792912e-01  -1.2213923e+00
  -7.7363962e-01  -1.2315786e+00
  -7.7977795e-01  -1.2341507e+00
  -7.8279742e-01  -1.2320902e+00
  -7.6499988e-01  -1.2262537e+00
  -7.6620638e-01  -1.2284127e+00
  -7.8741197e-01  -1.2325321e+00
  -7.6645325e-01  -1.2362944e+00
  -7.6867730e-01  -1.2256526e+00
  -7.6667670e-01  -1.2353714e+00
  -7.7077324e-01  -1.2381647e+00
  -7.6687341e-01  -1.2306492e+00
  -7.7211252e-01  -1.2306514e+00
  -7.8164250e-01  -1.2262269e+00
  -7.7129880e-01  -1.2283839e+00
  -7.6745830e-01  -1.2366067e+00
  -7.8699478e-01  -1.2347689e+00
  -7.8709911e-01  -1.2389951e+00
  -7.7569163e-01  -1.2304317e+00
  -3.0985991e-01  -1.2364798e+00
  -3.1871890e-01  -1.2267467e+00
  -3.1393921e-01  -1.2115245e+00
  -3.1430299e-01  -1.1762007e+00
  -3.0778611e-01  -1.1402360e+00
  -3.1973383e-01  -1.0940275e+00
  -3.0676564e-01  -1.0468588e+00
  -3.2205462e-01  -9.9433334e-01
  -3.1261955e-01  -9.3234863e-01
  -3.1225639e-01  -8.8382139e-01
  -3.1598613e-01  -8.4395133e-01
  -3.2091026e-01  -7.8679662e-01
  -3.1623543e-01  -7.5100194e-01
  -3.2053808e-01  -7.0050914e-01
  -3.1791241e-01  -6.6953388e-01
  -3.1941478e-01  -6.2894154e-01
  -3.0621991e-01  -5.9366681e-01
  -3.0148490e-01  -5.6340209e-01
  -3.0084585e-01  -5.4457302e-01
  -2.9940076e-01  -5.1050906e-01
  -3.0737638e-01  -4.9208776e-01
  -3.0489500e-01  -4.7032355e-01
  -3.1069963e-01  -4.5251518e-01
  -3.1857871e-01  -4.3284636e-01
  -3.2221540e-01  -4.1539041e-01
  -3.0060874e-01  -4.1180875e-01
  -3.0111629e-01  -3.9780034e-01
  -3.0444047e-01  -3.8041262e-01
  -3.0531725e-01  -3.7312235e-01
  -3.1238290e-01  -3.5598688e-01
  -2.9933338e-01  -3.5291659e-01
  -3.1920807e-01  -3.4049378e-01
  -3.1674901e-01  -3.2890711e-01
  -3.1242266e-01  -3.2925656e-01
  -3.0757622e-01  -3.2050998e-01
  -3.0257719e-01  -3.1681618e-01
  -3.2272058e-01  -3.1829352e-01
  -3.1743640e-01  -3.0406613e-01
  -3.1387344e-01  -3.0314240e-01
  -3.2038410e-01  -3.0741272e-01
  -3.1657435e-01  -2.9857184e-01
  -3.2119662e-01  -2.9695002e-01
  -3.0670070e-01  -2.9264965e-01
  -3.0276998e-01  -2.8524582e-01
  -3.1560624e-01  -2.8643759e-01
  -3.2244630e-01  -2.9157626e-01
  -3.1471476e-01  -2.8041805e-01
  -3.1835610e-01  -2.8603195e-01
  -3.2281629e-01  -2.8885958e-01
  -3.1177358e-01  -2.8686569e-01
  -3.0948084e-01  -2.7996686e-01
  -3.1810292e-01  -2.8051883e-01
  -3.0426123e-01  -2.8392788e-01
  -3.1449100e-01  -2.8335789e-01
  -3.0273728e-01  -2.7861471e-01
  -3.1357926e-01  -2.8287122e-01
  -3.1688345e-01  -2.7302094e-01
  -3.1629711e-01  -2.8105316e-01
  -3.1843662e-01  -2.7158168e-01
  -3.1283833e-01  -2.7619368e-01
  -3.1946038e-01  -2.7996810e-01
  -3.1276807e-01  -2.7596010e-01
  -3.1008888e-01  -2.6926052e-01
  -3.2075410e-01  -2.7778263e-01
  -3.1655593e-01  -2.7881826e-01
  -3.1054390e-01  -2.7122694e-01
  -3.0968266e-01  -2.6747334e-01
  -3.1555597e-01  -2.7717144e-01
  -3.1120493e-01  -2.7187170e-01
  -4.9509392e-01  -2.6891933e-01
  -4.9428317e-01  -2.7364168e-01
  -4.9517688e-01  -2.8147792e-01
  -4.8903613e-01  -2.8072495e-01
  -4.9848709e-01  -2.8749879e-01
  -4.9413405e-01  -2.9256790e-01
  -4.9774128e-01  -3.1198963e-01
  -4.7996682e-01  -3.2071119e-01
  -4.8974846e-01  -3.2361771e-01
  -4.8011139e-01  -3.4203054e-01
  -4.7790533e-01  -3.5739540e-01
  -4.9223737e-01  -3.5283401e-01
  -4.7849278e-01  -3.7196709e-01
  -4.9879903e-01  -3.7673943e-01
  -4.7626221e-01  -3.7989275e-01
  -4.8935233e-01  -3.9685453e-01
  -4.8734885e-01  -4.0163608e-01
  -4.8442030e-01  -4.0463324e-01
  -4.8331774e-01  -4.1006476e-01
  -4.8443951e-01  -4.2186778e-01
  -4.9910569e-01  -4.1601007e-01
  -4.9739426e-01  -4.3025776e-01
  -4.7987873e-01  -4.3360990e-01
  -4.8947813e-01  -4.3657704e-01
  -4.9365779e-01  -4.2861125e-01
  -4.8046815e-01  -4.3304493e-01
  -4.8742431e-01  -4.3514823e-01
  -4.8787532e-01  -4.4279539e-01
  -4.8804948e-01  -4.4069455e-01
  -4.9623976e-01  -4.5121631e-01
  -4.8536582e-01  -4.5437602e-01
  -4.8287533e-01  -4.5524937e-01
  -4.8203945e-01  -4.5185290e-01
  -4.7592316e-01  -4.5002998e-01
  -4.8375056e-01  -4.5969645e-01
  -4.8891759e-01  -4.6058048e-01
  -4.7849949e-01  -4.4996097e-01
  -4.8211720e-01  -4.6150894e-01
  -4.9938649e-01  -4.5151690e-01
  -4.8608738e-01  -4.5834221e-01
  -4.8916318e-01  -4.5284258e-01
  -4.9325100e-01  -4.5656731e-01
  -4.8736862e-01  -4.5902950e-01
  -4.9979265e-01  -4.6378005e-01
  -4.8970300e-01  -4.6291950e-01
  -4.7916384e-01  -4.5996412e-01
  -4.8485056e-01  -4.5764197e-01
  -4.8495591e-01  -4.6749284e-01
  -4.9161287e-01  -4.5719492e-01
  -4.9144963e-01  -4.6008039e-01
  -4.8146195e-01  -4.6316393e-01
  -4.8506142e-01  -4.6842333e-01
  -4.8116558e-01  -4.5691962e-01
  -4.9420978e-01  -4.5863284e-01
  -4.8763434e-01  -4.6131904e-01
  -4.9465311e-01  -4.6016370e-01
  -4.8489278e-01  -4.5794103e-01
  -4.7830033e-01  -4.6835709e-01
  -4.9413083e-01  -4.6091521e-01
  -4.9930683e-01  -4.6359951e-01
  -4.9235165e-01  -4.5726334e-01
  -4.8568552e-01  -4.6007042e-01
  -4.8205438e-01  -4.6168323e-01
  -4.8180363e-01  -4.6466274e-01
  -4.8489797e-01  -4.7035263e-01
  -4.8555228e-01  -4.7052781e-01
  -4.8694835e-01  -4.6900713e-01
  -4.8218434e-01  -4.6898860e-01
  -4.8310060e-01  -4.6450763e-01
   8.0014518e-01  -4.6007429e-01
   7.8474638e-01  -4.6946841e-01
   7.8825586e-01  -4.2363325e-01
   7.7999760e-01  -3.5710493e-01
   7.8979817e-01  -2.6144354e-01
   7.9247011e-01  -1.6282397e-01
   7.8702880e-01  -4.2756891e-02
   7.9170056e-01   6.8747207e-02
   7.7793830e-01   1.7779849e-01
   7.9076471e-01   2.8081685e-01
   7.9750647e-01   3.8849452e-01
   7.9763719e-01   4.8718796e-01
   7.9628515e-01   5.9196411e-01
   7.9054673e-01   6.7655700e-01
   7.8611080e-01   7.5923407e-01
   7.7911187e-01   8.3727327e-01
   7.8977941e-01   9.1169117e-01
   7.7792673e-01   9.7348170e-01
   7.9719236e-01   1.0339976e+00
   7.7883307e-01   1.0860172e+00
   7.9515637e-01   1.1434682e+00
   7.9017074e-01   1.1904704e+00
   7.8889714e-01   1.2310573e+00
   7.8320065e-01   1.2648039e+00
   7.7855401e-01   1.3040877e+00
   8.0012726e-01   1.3230487e+00
   7.8885818e-01   1.3518955e+00
   7.7946074e-01   1.3777269e+00
   7.9990911e-01   1.4042990e+00
   7.8196578e-01   1.4213943e+00
   7.8677023e-01   1.4407789e+00
   7.8831621e-01   1.4615547e+00
   7.8949400e-01   1.4819635e+00
   7.9681677e-01   1.4996260e+00
   7.9973822e-01   1.5045927e+00
   7.9876999e-01   1.5126606e+00
   7.8319012e-01   1.5211944e+00
   7.7861260e-01   1.5410747e+00
   7.9915451e-01   1.5460581e+00
   7.8448884e-01   1.5589639e+00
   7.9410499e-01   1.5661025e+00
   7.9291397e-01   1.5656542e+00
   7.8862721e-01   1.5748614e+00
   7.8080973e-01   1.5804282e+00
   7.9427998e-01   1.5825143e+00
   7.9937237e-01   1.5811376e+00
   7.8254465e-01   1.5915565e+00
   7.9107217e-01   1.5858706e+00
   7.8059452e-01   1.5911065e+00
   7.8382195e-01   1.5981799e+00
   7.9087541e-01   1.6066863e+00
   7.7955744e-01   1.5964456e+00
   7.8771954e-01   1.6027525e+00
   7.8697269e-01   1.6116373e+00
   7.9232028e-01   1.6121831e+00
   7.9437467e-01   1.6079350e+00
   7.9436108e-01   1.6034182e+00
   7.8241482e-01   1.6118031e+00
   7.9036562e-01   1.6091940e+00
   7.8836529e-01   1.6181877e+00
   7.8248000e-01   1.6134556e+00
   7.8432565e-01   1.6207306e+00
   7.8160773e-01   1.6207473e+00
   7.9296521e-01   1.6139828e+00
   7.8134428e-01   1.6163755e+00
   7.9145679e-01   1.6168619e+00
   7.7942975e-01   1.6171538e+00
   7.8313713e-01   1.6162398e+00
   7.8896173e-01   1.6159558e+00
  -7.6804653e-01   1.6128948e+00
  -7.5065929e-01   1.6233275e+00
  -7.6069061e-01   1.5636188e+00
  -7.6295651e-01   1.4667477e+00
  -7.5849256e-01   1.3454733e+00
  -7.5501103e-01   1.2158668e+00
  -7.6507233e-01   1.0645269e+00
  -7.5968164e-01   9.1545906e-01
  -7.6449316e-01   7.6449764e-01
  -7.5409962e-01   6.1487968e-01
  -7.5346289e-01   4.8386713e-01
  -7.5361306e-01   3.5150583e-01
  -7.5942573e-01   2.2435038e-01
  -7.6241975e-01   1.0517137e-01
  -7.6357249e-01  -6.8348130e-03
  -7.4619296e-01  -1.1647701e-01
  -7.6870080e-01  -2.0887132e-01
  -7.6484111e-01  -2.9095947e-01
  -7.5002836e-01  -3.7923070e-01
  -7.4620365e-01  -4.4942733e-01
  -7.4688547e-01  -5.0927661e-01
  -7.5764810e-01  -5.8223254e-01
  -7.5313045e-01  -6.3344291e-01
  -7.5214348e-01  -6.8104571e-01
  -7.6917668e-01  -7.2660206e-01
  -7.5219927e-01  -7.6989312e-01
  -7.6102302e-01  -8.0867933e-01
  -7.4889215e-01  -8.4396508e-01
  -7.6455010e-01  -8.6907894e-01
  -7.5869435e-01  -9.0007738e-01
  -7.4856647e-01  -9.2948876e-01
  -7.5168269e-01  -9.4964287e-01
  -7.6272268e-01  -9.6409521e-01
  -7.6052991e-01  -9.8304973e-01
  -7.6526104e-01  -1.0013150e+00
  -7.5328326e-01  -1.0210537e+00
  -7.6959959e-01  -1.0314424e+00
  -7.6127165e-01  -1.0524202e+00
  -7.5139562e-01  -1.0633599e+00
  -7.5423354e-01  -1.0691928e+00
  -7.4721417e-01  -1.0781912e+00
  -7.6340716e-01  -1.0888990e+00
  -7.5546587e-01  -1.0889022e+00
  -7.6382518e-01  -1.1000293e+00
  -7.5687126e-01  -1.1043941e+00
  -7.5591226e-01  -1.1120297e+00
  -7.6143659e-01  -1.1222192e+00
  -7.6330507e-01  -1.1145792e+00
  -7.6532948e-01  -1.1225766e+00
  -7.6579973e-01  -1.1339800e+00
  -7.5990386e-01  -1.1322810e+00
  -7.4769275e-01  -1.1349657e+00
  -7.5678091e-01  -1.1297896e+00
  -7.6706656e-01  -1.1451788e+00
  -7.6865220e-01  -1.1415206e+00
  -7.5784184e-01  -1.1406946e+00
  -7.6236174e-01  -1.1392871e+00
  -7.6074108e-01  -1.1465113e+00
  -7.6080190e-01  -1.1405191e+00
  -7.6136686e-01  -1.1538809e+00
  -7.5274401e-01  -1.1490132e+00
  -7.6393426e-01  -1.1552702e+00
  -7.6687675e-01  -1.1556929e+00
  -7.4836598e-01  -1.1563924e+00
  -7.5528579e-01  -1.1567763e+00
  -7.4728313e-01  -1.1507088e+00
  -7.5744436e-01  -1.1589493e+00
  -7.6469506e-01  -1.1599221e+00
  -7.6329373e-01  -1.1544347e+00
   7.0101839e-01  -1.1616563e+00
   7.0522233e-01  -1.1610983e+00
   7.1093093e-01  -1.1051234e+00
   7.0360909e-01  -1.0215561e+00
   7.0541121e-01  -9.0528325e-01
   7.0974180e-01  -7.7931177e-01
   7.0464006e-01  -6.4936226e-01
   7.1207286e-01  -4.9923980e-01
   6.9563878e-01  -3.6382787e-01
   7.0108280e-01  -2.2722221e-01
   6.9757983e-01  -9.3387550e-02
   7.1148355e-01   1.9825917e-02
   6.9976086e-01   1.4811576e-01
   6.9872002e-01   2.5810035e-01
   7.1349484e-01   3.5559579e-01
   6.9337221e-01   4.4725138e-01
   7.1360847e-01   5.4519630e-01
   7.0697754e-01   6.2737073e-01
   6.9850881e-01   6.9193298e-01
   7.0514593e-01   7.5821011e-01
   6.9360066e-01   8.2043707e-01
   6.9199772e-01   8.8472918e-01
   7.1365224e-01   9.3562975e-01
   7.1391314e-01   9.7769128e-01
   7.0399333e-01   1.0258549e+00
   7.0045389e-01   1.0601530e+00
   7.0967244e-01   1.1039215e+00
   7.0331779e-01   1.1238459e+00
   6.9626538e-01   1.1613487e+00
   6.9250699e-01   1.1777237e+00
   6.9102618e-01   1.2115213e+00
   7.1247819e-01   1.2227267e+00
   7.1214470e-01   1.2548099e+00
   7.1473685e-01   1.2682270e+00
   7.1458605e-01   1.2819227e+00
   6.9452689e-01   1.3003015e+00
   7.1120880e-01   1.3115029e+00
   7.0868728e-01   1.3156734e+00
   6.9645317e-01   1.3308659e+00
   7.0119208e-01   1.3422097e+00
   6.9841170e-01   1.3463593e+00
   7.0960105e-01   1.3516163e+00
   7.0456759e-01   1.3626017e+00
   7.1389467e-01   1.3701685e+00
   7.0630718e-01   1.3708656e+00
   7.0196389e-01   1.3748206e+00
   7.0629692e-01   1.3828537e+00
   7.1079930e-01   1.3828162e+00
   7.0575928e-01   1.3886502e+00
   6.9436796e-01   1.4005050e+00
   6.9712804e-01   1.3935604e+00
   7.0486303e-01   1.4035236e+00
   6.9757502e-01   1.4029861e+00
   6.9215947e-01   1.4098519e+00
   7.0003374e-01   1.4077674e+00
   7.1238731e-01   1.4100474e+00
   7.1270143e-01   1.4132276e+00
   6.9629136e-01   1.4083149e+00
   7.1272412e-01   1.4114517e+00
   6.9590178e-01   1.4144727e+00
   7.0099501e-01   1.4168878e+00
   7.1127220e-01   1.4112549e+00
   7.0119832e-01   1.4104391e+00
   7.0037098e-01   1.4156895e+00
   7.1091708e-01   1.4149934e+00
   7.1045055e-01   1.4237533e+00
   7.0409524e-01   1.4207216e+00
   6.9380888e-01   1.4246276e+00
   7.0652774e-01   1.4170063e+00
  -1.9513215e-01   1.4182709e+00
  -1.9487719e-01   1.4266078e+00
  -1.8379374e-01   1.3930502e+00
  -2.0334168e-01   1.3288718e+00
  -1.8891851e-01   1.2623370e+00
  -1.9953907e-01   1.1817382e+00
  -2.0483677e-01   1.1057179e+00
  -1.8808025e-01   1.0187070e+00
  -1.9048210e-01   9.2395050e-01
  -1.9182018e-01   8.4689034e-01
  -1.8598761e-01   7.6734626e-01
  -2.0349413e-01   6.8700189e-01
  -1.8543203e-01   6.2053785e-01
  -2.0209529e-01   5.5304667e-01
  -2.0007911e-01   4.8104651e-01
  -1.8739924e-01   4.2622179e-01
  -1.9971889e-01   3.6360316e-01
  -1.9705126e-01   3.1406730e-01
  -1.9192947e-01   2.7815742e-01
  -2.0014079e-01   2.3377032e-01
  -1.9624584e-01   1.9344162e-01
  -2.0340084e-01   1.5330549e-01
  -1.8632738e-01   1.2243498e-01
  -1.9187356e-01   9.9050247e-02
  -1.8620034e-01   6.5539047e-02
  -1.9506773e-01   4.2036918e-02
  -1.8996190e-01   3.1376349e-02
  -2.0215453e-01   8.3085967e-04
  -2.0252144e-01  -8.9331837e-03
  -1.8295442e-01  -2.6443673e-02
  -2.0493579e-01  -4.7139780e-02
  -1.9185220e-01  -5.4042173e-02
  -1.9893902e-01  -6.8181056e-02
  -1.9223691e-01  -8.1499978e-02
  -2.0255406e-01  -9.5253572e-02
  -1.9732195e-01  -9.0629547e-02
  -2.0170283e-01  -9.9984997e-02
  -1.9161257e-01  -1.1116802e-01
  -1.8811741e-01  -1.1395229e-01
  -1.9890221e-01  -1.2702482e-01
  -1.8843699e-01  -1.3102154e-01
  -1.8605671e-01  -1.3677260e-01
  -1.9413550e-01  -1.4228123e-01
  -1.9603076e-01  -1.3842723e-01
  -1.9553528e-01  -1.4570392e-01
  -2.0202094e-01  -1.5344466e-01
  -1.9454157e-01  -1.5332150e-01
  -1.9737119e-01  -1.4846900e-01
  -1.8426672e-01  -1.5376215e-01
  -1.8318156e-01  -1.5631785e-01
  -1.9899026e-01  -1.6123966e-01
  -2.0496149e-01  -1.6156607e-01
  -2.0309811e-01  -1.6317834e-01
  -2.0308146e-01  -1.6179311e-01
  -1.9731195e-01  -1.6694090e-01
  -2.0149244e-01  -1.6883146e-01
  -1.8783522e-01  -1.6823892e-01
  -1.9574429e-01  -1.7357264e-01
  -1.9628454e-01  -1.6844669e-01
  -1.9125582e-01  -1.6847261e-01
  -2.0508028e-01  -1.6771021e-01
  -1.8349021e-01  -1.7842932e-01
  -2.0518087e-01  -1.6844318e-01
  -1.8424605e-01  -1.7090585e-01
  -2.0637777e-01  -1.7185188e-01
  -1.8668494e-01  -1.7958186e-01
  -1.9460119e-01  -1.7772350e-01
  -1.9607995e-01  -1.7383990e-01
  -1.8974249e-01  -1.6845875e-01
   3.2222950e-01  -1.7668874e-01
   3.2247036e-01  -1.7443600e-01
   3.3204716e-01  -1.6272181e-01
   3.2320677e-01  -1.3196398e-01
   3.2768168e-01  -1.0524191e-01
   3.1999005e-01  -7.7291795e-02
   3.3468915e-01  -3.8964981e-02
   3.2451075e-01  -1.1969429e-03
   3.1155343e-01   3.9619145e-02
   3.3404995e-01   7.4654427e-02
   3.1202007e-01   1.0535961e-01
   3.2440580e-01   1.4294088e-01
   3.2814703e-01   1.7605227e-01
   3.1321026e-01   2.0661454e-01
   3.1117243e-01   2.2270235e-01
   3.1299845e-01   2.5155262e-01
   3.1494690e-01   2.7158480e-01
   3.2790875e-01   2.9881027e-01
   3.1883131e-01   3.1142708e-01
   3.1585250e-01   3.3295233e-01
   3.1415658e-01   3.5845001e-01
   3.1606319e-01   3.6667299e-01
   3.2985917e-01   3.7617323e-01
   3.1898308e-01   3.8877472e-01
   3.1461311e-01   4.0448346e-01
   3.2367424e-01   4.1690849e-01
   3.2087795e-01   4.2824806e-01
   3.1399699e-01   4.3789031e-01
   3.1776030e-01   4.4038519e-01
   3.2198221e-01   4.5076727e-01
   3.3350579e-01   4.5017581e-01
   3.1199822e-01   4.5323962e-01
   3.2717793e-01   4.7089704e-01
   3.1764425e-01   4.6762688e-01
   3.3308917e-01   4.7144770e-01
   3.1552948e-01   4.8044643e-01
   3.1875427e-01   4.7995962e-01
   3.1417906e-01   4.8932939e-01
   3.1892965e-01   4.8101890e-01
   3.2475878e-01   4.9395834e-01
   3.2645743e-01   4.9249472e-01
   3.1420305e-01   4.8935085e-01
   3.1346209e-01   4.9743974e-01
   3.2156684e-01   4.9949224e-01
   3.1710196e-01   4.9181253e-01
   3.2691242e-01   5.0242311e-01
   3.3255549e-01   5.0441914e-01
   3.2484852e-01   5.0747445e-01
   3.2416316e-01   5.0342309e-01
   3.2896170e-01   5.0662587e-01
   3.1622365e-01   5.1045703e-01
   3.1546125e-01   5.1073925e-01
   3.1820430e-01   5.0330693e-01
   3.2718361e-01   5.0860002e-01
   3.2185346e-01   5.0400856e-01
   3.1637420e-01   5.0484815e-01
   3.1333514e-01   5.0537251e-01
   3.1427488e-01   5.0218770e-01
   3.1325432e-01   5.1123008e-01
   3.1346959e-01   5.1419295e-01
   3.1160861e-01   5.0402604e-01
   3.2164454e-01   5.1398286e-01
   3.1954210e-01   5.0507254e-01
   3.3198060e-01   5.0861457e-01
   3.2334087e-01   5.1035957e-01
   3.2159360e-01   5.0381382e-01
   3.3084241e-01   5.1531186e-01
   3.2825284e-01   5.1174994e-01
   3.1422681e-01   5.1012482e-01
   3.2076031e-02   5.0957106e-01
   2.4726630e-02   5.0342222e-01
   2.2721919e-02   4.9715837e-01
   2.6000822e-02   4.8594744e-01
   3.4649503e-02   4.5725543e-01
   2.4911290e-02   4.3538005e-01
   3.6417923e-02   4.1442238e-01
   2.5226786e-02   3.9271423e-01
   3.2017416e-02   3.5827862e-01
   2.6997822e-02   3.3321631e-01
   3.6555876e-02   3.0942998e-01
   3.8345310e-02   2.9135514e-01
   1.9633968e-02   2.7548267e-01
   3.1126862e-02   2.5317065e-01
   3.8787192e-02   2.2803802e-01
   3.5534697e-02   2.0935029e-01
   2.0170553e-02   2.0105881e-01
   3.5249645e-02   1.7831786e-01
   2.5856744e-02   1.7426482e-01
   3.7621076e-02   1.6118497e-01
   2.9295992e-02   1.3870456e-01
   3.7720132e-02   1.3728625e-01
   1.7165399e-02   1.2121851e-01
   3.4511951e-02   1.0868975e-01
   2.7815414e-02   1.0143334e-01
   3.4137326e-02   9.8746197e-02
   2.6091803e-02   9.1193257e-02
   2.6626464e-02   8.2670460e-02
   3.0888057e-02   8.5062172e-02
   1.9420240e-02   7.1855453e-02
   1.7083277e-02   6.9185030e-02
   1.8672898e-02   6.6925496e-02
   3.8115477e-02   7.1910533e-02
   3.1261630e-02   6.2438234e-02
   3.9669209e-02   6.3516839e-02
   4.0336553e-02   5.7491186e-02
   3.9611753e-02   4.8142079e-02
   3.3336069e-02   4.5745394e-02
   2.4906560e-02   4.5313571e-02
   2.6665565e-02   4.7973916e-02
   1.9399537e-02   5.2227582e-02
   3.2240558e-02   4.3793844e-02
   1.7893092e-02   4.5746684e-02
   3.3826456e-02   3.9915206e-02
   2.2396980e-02   3.7411052e-02
   3.8136145e-02   4.1846167e-02
   1.7294322e-02   3.3193770e-02
   3.7063425e-02   3.9341189e-02
   2.1820619e-02   3.9120602e-02
   3.7091344e-02   3.2370362e-02
   1.9341792e-02   3.7078113e-02
   2.2850088e-02   4.3400851e-02
   3.8029648e-02   3.0540998e-02
   2.7585173e-02   3.4270049e-02
   3.6087555e-02   3.4098098e-02
   2.1649457e-02   3.6919520e-02
   2.1922412e-02   3.9953994e-02
   2.7534918e-02   3.7695058e-02
   2.0022897e-02   3.0224428e-02
   3.2558300e-02   4.0117570e-02
   3.5181132e-02   3.7795821e-02
   3.7400049e-02   3.7576197e-02
   3.2543299e-02   2.7359403e-02
   3.3537915e-02   4.0743101e-02
   2.7152253e-02   3.5550029e-02
   2.8739512e-02   3.2798838e-02
   2.9253972e-02   3.8005239e-02
   3.2778662e-02   4.0102876e-02
   3.5797278e-02   3.1564592e-02
  -7.5448524e-01   3.3187910e-02
  -7.5254022e-01   3.4093532e-02
  -7.4425606e-01   5.1227555e-03
  -7.4296524e-01  -3.4882023e-02
  -7.4778722e-01  -8.5267329e-02
  -7.5112145e-01  -1.3633957e-01
  -7.6082650e-01  -2.0817170e-01
  -7.5691878e-01  -2.6682904e-01
  -7.4271092e-01  -3.3288959e-01
  -7.5216504e-01  -3.8870202e-01
  -7.4325433e-01  -4.5685176e-01
  -7.5646170e-01  -5.0194218e-01
  -7.5252419e-01  -5.6226636e-01
  -7.6526396e-01  -6.1258434e-01
  -7.4280934e-01  -6.5497640e-01
  -7.4631549e-01  -7.0264735e-01
  -7.4312942e-01  -7.4226377e-01
  -7.5094657e-01  -7.7583449e-01
  -7.6361787e-01  -8.0780854e-01
  -7.5168431e-01  -8.4382426e-01
  -7.4508527e-01  -8.7643235e-01
  -7.6428041e-01  -9.0091484e-01
  -7.6229776e-01  -9.1700114e-01
  -7.5601854e-01  -9.4076114e-01
  -7.6206685e-01  -9.5993042e-01
  -7.5977189e-01  -9.8064963e-01
  -7.4898391e-01  -1.0019498e+00
  -7.4538159e-01  -1.0149811e+00
  -7.5405355e-01  -1.0289818e+00
  -7.5981606e-01  -1.0367647e+00
  -7.5239228e-01  -1.0456724e+00
  -7.4886669e-01  -1.0563033e+00
  -7.5460052e-01  -1.0673102e+00
  -7.4822306e-01  -1.0679558e+00
  -7.6551366e-01  -1.0745269e+00
  -7.5792064e-01  -1.0815939e+00
  -7.5500876e-01  -1.0992161e+00
  -7.5363690e-01  -1.0984989e+00
  -7.4572337e-01  -1.0999737e+00
  -7.4671978e-01  -1.1109336e+00
  -7.4875175e-01  -1.1109621e+00
  -7.5303283e-01  -1.1104771e+00
  -7.6205336e-01  -1.1169622e+00
  -7.4882982e-01  -1.1250580e+00
  -7.4351427e-01  -1.1201046e+00
  -7.5352803e-01  -1.1274117e+00
  -7.5909202e-01  -1.1267847e+00
  -7.5359390e-01  -1.1331251e+00
  -7.5263635e-01  -1.1329508e+00
  -7.5530615e-01  -1.1381290e+00
  -7.5211512e-01  -1.1374753e+00
  -7.6262140e-01  -1.1366907e+00
  -7.6598402e-01  -1.1328308e+00
  -7.5820105e-01  -1.1437770e+00
  -7.5967862e-01  -1.1326971e+00
  -7.6464577e-01  -1.1399000e+00
  -7.4516783e-01  -1.1357912e+00
  -7.4872407e-01  -1.1372863e+00
  -7.5528197e-01  -1.1404368e+00
  -7.6597671e-01  -1.1412104e+00
  -7.5434773e-01  -1.1425938e+00
  -7.5778409e-01  -1.1386439e+00
  -7.4752194e-01  -1.1451456e+00
  -7.4732299e-01  -1.1447452e+00
  -7.4981464e-01  -1.1488239e+00
  -7.4718494e-01  -1.1493814e+00
  -7.5741344e-01  -1.1488688e+00
  -7.6304829e-01  -1.1416217e+00
  -7.4835104e-01  -1.1481098e+00
  -3.2047153e-01  -1.1444967e+00
  -3.0659533e-01  -1.1398045e+00
  -3.1604033e-01  -1.1243206e+00
  -3.0705781e-01  -1.0938521e+00
  -3.0529539e-01  -1.0639979e+00
  -3.0908492e-01  -1.0197225e+00
  -3.2349887e-01  -9.7644245e-01
  -3.1566822e-01  -9.2094148e-01
  -3.1401723e-01  -8.7791363e-01
  -3.1818578e-01  -8.2943183e-01
  -3.0932009e-01  -7.8164801e-01
  -3.1190134e-01  -7.5124554e-01
  -3.2229714e-01  -7.0355018e-01
  -3.2366468e-01  -6.6366132e-01
  -3.2388980e-01  -6.3594936e-01
  -3.0761505e-01  -5.9912486e-01
  -3.1078505e-01  -5.6849389e-01
  -3.1827986e-01  -5.4606463e-01
  -3.0915133e-01  -5.1572046e-01
  -3.1407483e-01  -4.9001769e-01
  -3.0991886e-01  -4.8046505e-01
  -3.0633272e-01  -4.5489956e-01
  -3.1733106e-01  -4.4334444e-01
  -3.1445764e-01  -4.2655443e-01
  -3.0954086e-01  -4.0381915e-01
  -3.0973298e-01  -3.9024553e-01
  -3.0686523e-01  -3.8022329e-01
  -3.0619526e-01  -3.6695234e-01
  -3.1285442e-01  -3.5749307e-01
  -3.1847827e-01  -3.4823991e-01
  -3.2331698e-01  -3.5051160e-01
  -3.0769575e-01  -3.3225723e-01
  -3.2485719e-01  -3.2902126e-01
  -3.0935651e-01  -3.2275355e-01
  -3.0687637e-01  -3.1634459e-01
  -3.1401104e-01  -3.2096805e-01
  -3.2005389e-01  -3.1873746e-01
  -3.1454338e-01  -3.1490595e-01
  -3.0437381e-01  -3.0950638e-01
  -3.2229927e-01  -3.0163986e-01
  -3.1224130e-01  -3.0235384e-01
  -3.0513979e-01  -2.9047467e-01
  -3.2056395e-01  -3.0066726e-01
  -3.0873299e-01  -2.9339239e-01
  -3.2677607e-01  -2.8911805e-01
  -3.1536426e-01  -2.8964036e-01
  -3.2655156e-01  -2.8673485e-01
  -3.2684872e-01  -2.9116914e-01
  -3.1178865e-01  -2.8834608e-01
  -3.1738697e-01  -2.8689524e-01
  -3.1261524e-01  -2.8581937e-01
  -3.0638026e-01  -2.8044995e-01
  -3.1215971e-01  -2.7669115e-01
  -3.1467743e-01  -2.8002379e-01
  -3.2658347e-01  -2.7852419e-01
  -3.2544799e-01  -2.7480086e-01
  -3.2241468e-01  -2.7575342e-01
  -3.2138932e-01  -2.7832740e-01
  -3.2313523e-01  -2.7687942e-01
  -3.0957285e-01  -2.7514864e-01
  -3.1955365e-01  -2.7986152e-01
  -3.0941233e-01  -2.7298940e-01
  -3.2148959e-01  -2.6985807e-01
  -3.0389474e-01  -2.7663836e-01
  -3.1037799e-01  -2.8139463e-01
  -3.2590948e-01  -2.7061077e-01
  -3.0450561e-01  -2.7922519e-01
  -3.1427425e-01  -2.7500033e-01
  -3.1093743e-01  -2.6915233e-01
   4.3760608e-01  -2.7782795e-01
   4.4817780e-01  -2.7026981e-01
   4.4127520e-01  -2.5045133e-01
   4.5370063e-01  -2.2426877e-01
   4.4582016e-01  -1.7817865e-01
   4.4044972e-01  -1.1721244e-01
   4.4103170e-01  -5.8067883e-02
   4.4128032e-01  -1.4535983e-02
   4.5171887e-01   5.0657022e-02
   4.5296337e-01   9.9560881e-02
   4.4824462e-01   1.6371103e-01
   4.5067003e-01   2.0720256e-01
   4.5143503e-01   2.5373530e-01
   4.3996565e-01   2.9627674e-01
   4.3148269e-01   3.4834177e-01
   4.3299126e-01   3.7728436e-01
   4.4583734e-01   4.2143538e-01
   4.3985985e-01   4.5200325e-01
   4.4865814e-01   4.8715678e-01
   4.5239042e-01   5.1430422e-01
   4.4917108e-01   5.3625102e-01
   4.3857448e-01   5.6005555e-01
   4.4319382e-01   5.7534434e-01
   4.4308740e-01   5.9329696e-01
   4.3968091e-01   6.1040298e-01
   4.3274937e-01   6.2586094e-01
   4.4854210e-01   6.4119659e-01
   4.4485015e-01   6.6530386e-01
   4.3136316e-01   6.6338346e-01
   4.5318135e-01   6.8512923e-01
   4.4188117e-01   6.8685375e-01
   4.4817680e-01   6.9683172e-01
   4.4328841e-01   7.1282708e-01
   4.4577556e-01   7.1938771e-01
   4.4276917e-01   7.2591819e-01
   4.3953406e-01   7.3277680e-01
   4.4960671e-01   7.3733679e-01
   4.5146160e-01   7.3592961e-01
   4.4294639e-01   7.3883492e-01
   4.3069178e-01   7.4591511e-01
   4.3721666e-01   7.4693498e-01
   4.3794860e-01   7.4762971e-01
   4.4857015e-01   7.5775102e-01
   4.4555307e-01   7.5308677e-01
   4.4508490e-01   7.5841496e-01
   4.5273974e-01   7.5635908e-01
   4.4298734e-01   7.6217920e-01
   4.5378680e-01   7.6325929e-01
   4.3568503e-01   7.6658160e-01
   4.3982959e-01   7.6082449e-01
   4.4375079e-01   7.7202505e-01
   4.4471266e-01   7.7080007e-01
   4.3708899e-01   7.6749832e-01
   4.4857334e-01   7.7450080e-01
   4.4598614e-01   7.6533026e-01
   4.4687469e-01   7.7183618e-01
   4.4870702e-01   7.7910958e-01
   4.4955686e-01   7.6788339e-01
   4.3938254e-01   7.7884923e-01
   4.3871635e-01   7.7552029e-01
   4.4941167e-01   7.7397983e-01
   4.3985677e-01   7.7256540e-01
   4.5274031e-01   7.7254536e-01
   4.4953774e-01   7.7898266e-01
   4.5046385e-01   7.6898718e-01
   4.3599439e-01   7.7525426e-01
   4.3750261e-01   7.7821921e-01
   4.4865245e-01   7.8220192e-01
   4.3353351e-01   7.7969078e-01
   1.2873712e-02   7.7968965e-01
   6.3166112e-03   7.7437595e-01
   9.2982108e-03   7.6593076e-01
   4.2463604e-03   7.3645222e-01
   1.7671216e-02   6.9849978e-01
   1.1757311e-02   6.6285191e-01
   1.4447532e-02   6.1955475e-01
   3.1000999e-03   5.8766654e-01
   8.8827943e-03   5.4743743e-01
   5.7640550e-03   5.0068768e-01
   3.7411956e-03   4.5764249e-01
   1.8347558e-02   4.2904184e-01
   1.4719868e-02   3.9425948e-01
  -4.1248443e-04   3.5458074e-01
   1.0842743e-02   3.2512401e-01
   1.6469960e-03   2.9510469e-01
   1.1572854e-02   2.7579740e-01
   6.2312104e-03   2.5544953e-01
   1.7504067e-02   2.3279934e-01
   1.2050048e-02   2.1202313e-01
   1.4146083e-02   1.8801552e-01
   7.3720948e-03   1.6619530e-01
   7.0393402e-03   1.5845013e-01
   1.7134475e-02   1.3737739e-01
  -1.9599879e-03   1.3394405e-01
   1.4125731e-02   1.1309258e-01
   4.9815255e-03   1.0033168e-01
   6.0255704e-03   9.2150339e-02
   1.3664321e-02   8.4665331e-02
   9.7499340e-03   8.2775427e-02
  -2.7701439e-03   7.1005984e-02
   1.1248822e-02   7.3641465e-02
   8.1372766e-04   6.8651122e-02
   2.7968135e-03   5.8866368e-02
   6.5096202e-03   5.5723032e-02
   2.0960835e-02   4.9261133e-02
   4.9072011e-03   3.9845578e-02
   1.8284681e-02   4.6616372e-02
   1.4938654e-02   4.2444087e-02
   1.0400588e-02   4.0083446e-02
   1.2026679e-02   3.9437549e-02
   7.2368377e-03   2.4313805e-02
   3.4115447e-03   3.3092641e-02
   3.4338243e-03   2.0132728e-02
   6.1865873e-03   2.8253265e-02
   2.0749259e-02   2.1201444e-02
  -2.4241631e-03   1.9655757e-02
   1.4610228e-02   2.3947659e-02
  -3.0696651e-04   2.1791427e-02
   2.0889271e-02   2.1064563e-02
   1.0228682e-02   2.0012069e-02
   6.3101399e-03   1.2613915e-02
   1.4541520e-02   2.2748473e-02
   4.2245054e-03   1.4414039e-02
   1.4443750e-02   1.5671093e-02
   9.8378825e-03   1.6566387e-02
   1.7570898e-03   2.0969552e-02
  -1.0547544e-03   1.2878840e-02
   1.0115992e-02   1.0947748e-02
  -2.0200641e-03   1.9531326e-02
  -1.0493249e-03   1.7640710e-02
   1.9398035e-02   6.6968005e-03
   4.9911700e-03   1.8559355e-02
   4.7494800e-03   1.6620429e-02
   2.2329780e-03   1.0212399e-02
  -2.2806257e-03   1.5618767e-02
   1.2082338e-02   1.2950224e-02
   1.0508252e-02   5.3546548e-03
   8.1849490e-03   4.7327089e-03
   4.4508625e-01   1.1944247e-02
   4.5636766e-01   1.5884542e-02
   4.5428492e-01   2.5509942e-02
   4.5221134e-01   6.1163897e-02
   4.6639070e-01   8.2015714e-02
   4.5047901e-01   1.2358672e-01
   4.4445776e-01   1.7442861e-01
   4.4832994e-01   2.1751627e-01
   4.5998772e-01   2.5422014e-01
   4.6278722e-01   2.9695544e-01
   4.4901947e-01   3.4071431e-01
   4.5526321e-01   3.7489758e-01
   4.5872379e-01   4.1034762e-01
   4.6508792e-01   4.5343692e-01
   4.6205015e-01   4.8614526e-01
   4.5952910e-01   5.0455003e-01
   4.5292256e-01   5.3282424e-01
   4.5527637e-01   5.6404839e-01
   4.5940361e-01   5.8582963e-01
   4.5650632e-01   6.0901224e-01
   4.4507436e-01   6.3013652e-01
   4.5326846e-01   6.4103957e-01
   4.5632175e-01   6.6065117e-01
   4.4868319e-01   6.7462849e-01
   4.5891913e-01   6.7893532e-01
   4.6357000e-01   7.0088678e-01
   4.6439080e-01   7.1187487e-01
   4.5869363e-01   7.1303657e-01
   4.6221088e-01   7.2895997e-01
   4.5466956e-01   7.3722916e-01
   4.6075089e-01   7.4183533e-01
   4.5700565e-01   7.4395226e-01
   4.5494032e-01   7.5071977e-01
   4.4972324e-01   7.6133855e-01
   4.4734061e-01   7.6368632e-01
   4.5498895e-01   7.6816998e-01
   4.4838655e-01   7.7799750e-01
   4.6142903e-01   7.7200326e-01
   4.6332274e-01   7.8601585e-01
   4.4600823e-01   7.8458020e-01
   4.4521810e-01   7.9117683e-01
   4.6466141e-01   7.9138740e-01
   4.4797095e-01   7.8660966e-01
   4.5677698e-01   7.9664977e-01
   4.5137034e-01   7.9196727e-01
   4.5614088e-01   7.9536470e-01
   4.6350702e-01   8.0096010e-01
   4.5431730e-01   7.9863342e-01
   4.5303558e-01   8.0402446e-01
   4.5281970e-01   8.0258951e-01
   4.6239636e-01   8.0382305e-01
   4.5283420e-01   8.0867945e-01
   4.5045761e-01   8.0361421e-01
   4.5874324e-01   8.0347918e-01
   4.5996363e-01   8.0129528e-01
   4.6299592e-01   8.0633919e-01
   4.6661411e-01   8.0157707e-01
   4.5960450e-01   8.0749046e-01
   4.6488957e-01   8.0963176e-01
   4.6043568e-01   8.1248213e-01
   4.5257954e-01   8.0798875e-01
   4.4793957e-01   8.0327909e-01
   4.5462442e-01   8.0142206e-01
   4.6716223e-01   8.1400541e-01
   4.5670852e-01   8.1361308e-01
   4.6282061e-01   8.0872883e-01
   4.5409791e-01   8.0139946e-01
   4.5072113e-01   8.1369135e-01
   4.4427374e-01   8.0801952e-01
  -5.3716078e-02   8.0834954e-01
  -4.8103621e-02   8.0154224e-01
  -6.0525969e-02   7.9176857e-01
  -4.9054227e-02   7.5852514e-01
  -5.4596086e-02   7.2662100e-01
  -4.0269773e-02   6.8469362e-01
  -6.1549746e-02   6.3947512e-01
  -3.8557187e-02   5.9671401e-01
  -4.1515068e-02   5.3825986e-01
  -6.1402960e-02   5.0229157e-01
  -5.7014161e-02   4.5890144e-01
  -3.9483992e-02   4.1916043e-01
  -3.9676940e-02   3.7431399e-01
  -4.9627442e-02   3.4297255e-01
  -5.4152861e-02   2.9999599e-01
  -5.5690965e-02   2.6943055e-01
  -4.0238070e-02   2.4597661e-01
  -3.8675922e-02   2.1491281e-01
  -3.9269606e-02   1.8366390e-01
  -4.0158535e-02   1.6434133e-01
  -4.7566087e-02   1.4589450e-01
  -4.4462419e-02   1.2544203e-01
  -4.2620231e-02   1.1756785e-01
  -4.5205846e-02   9.1102839e-02
  -5.1061729e-02   8.2782853e-02
  -6.1974510e-02   7.2180139e-02
  -5.4647385e-02   5.0013221e-02
  -6.0051406e-02   3.9259326e-02
  -4.4459168e-02   2.9929027e-02
  -6.1494897e-02   3.3419377e-02
  -4.2698276e-02   2.4077202e-02
  -4.9190919e-02   8.8673017e-03
  -4.4499468e-02   1.2891315e-03
  -5.6044972e-02  -4.6745134e-03
  -5.0041988e-02  -8.8052671e-03
  -4.0805737e-02  -1.1656555e-02
  -6.0821626e-02  -9.4015901e-03
  -4.9452761e-02  -2.4718837e-02
  -3.8845102e-02  -1.6869528e-02
  -6.1196870e-02  -3.1246146e-02
  -5.4915039e-02  -2.9196673e-02
  -4.0119796e-02  -2.3719070e-02
  -4.0535841e-02  -3.5131616e-02
  -4.1123445e-02  -3.7915850e-02
  -6.1114659e-02  -3.1030571e-02
  -5.2255399e-02  -3.0950615e-02
  -5.6444788e-02  -3.9204470e-02
  -5.2511200e-02  -4.5970412e-02
  -6.0090009e-02  -4.1400068e-02
  -5.1891375e-02  -3.6065685e-02
  -5.4896743e-02  -4.7028668e-02
  -5.6514886e-02  -4.6088594e-02
  -5.1288291e-02  -3.8875531e-02
  -4.0363059e-02  -3.9532086e-02
  -5.1638028e-02  -5.2613082e-02
  -5.2799986e-02  -5.3109550e-02
  -4.1168508e-02  -5.1974922e-02
  -5.3581309e-02  -4.2709281e-02
  -5.5749118e-02  -5.3393282e-02
  -5.8159970e-02  -5.3109793e-02
  -5.7596046e-02  -4.5515490e-02
  -5.2349534e-02  -4.6283160e-02
  -4.7563387e-02  -5.4440622e-02
  -6.0246510e-02  -5.2819583e-02
  -4.4435243e-02  -4.9881427e-02
  -5.5704545e-02  -5.6728431e-02
  -4.9571697e-02  -5.0794755e-02
  -5.8570732e-02  -5.2212772e-02
  -5.1062943e-02  -4.7003138e-02
   3.6241144e-01  -4.8704208e-02
   3.5116017e-01  -5.2494679e-02
   3.5629480e-01  -4.4725009e-02
   3.4347300e-01  -1.4496543e-02
   3.4792332e-01   4.8890922e-03
   3.5721227e-01   4.3765255e-02
   3.6312077e-01   6.7292851e-02
   3.5717064e-01   1.0028426e-01
   3.4916158e-01   1.3899671e-01
   3.4921904e-01   1.6814819e-01
   3.4560273e-01   2.0704832e-01
   3.6154073e-01   2.3978809e-01
   3.4986190e-01   2.6338715e-01
   3.6093170e-01   2.8769143e-01
   3.5620145e-01   3.1060059e-01
   3.6401290e-01   3.3886699e-01
   3.4637028e-01   3.5992485e-01
   3.4705127e-01   3.8233027e-01
   3.4964624e-01   3.9466856e-01
   3.4564843e-01   4.1807669e-01
   3.5756779e-01   4.2448049e-01
   3.4899065e-01   4.4481209e-01
   3.6421340e-01   4.6045500e-01
   3.4900429e-01   4.6484705e-01
   3.4500881e-01   4.8200697e-01
   3.5076963e-01   4.8707376e-01
   3.4570806e-01   4.9500001e-01
   3.6247209e-01   5.0672121e-01
   3.5837740e-01   5.1311816e-01
   3.6338261e-01   5.1456452e-01
   3.6426883e-01   5.2476227e-01
   3.4151472e-01   5.2857790e-01
   3.5095920e-01   5.2483051e-01
   3.6241989e-01   5.2951727e-01
   3.5165664e-01   5.3578269e-01
   3.6344658e-01   5.4263991e-01
   3.5783615e-01   5.4983037e-01
   3.6263146e-01   5.4321739e-01
   3.4513809e-01   5.4474885e-01
   3.4816582e-01   5.5107317e-01
   3.6323627e-01   5.5105924e-01
   3.5803446e-01   5.5818761e-01
   3.4510692e-01   5.5623854e-01
   3.4232840e-01   5.5391613e-01
   3.6053072e-01   5.5605353e-01
   3.4569541e-01   5.6128853e-01
   3.5559066e-01   5.6010380e-01
   3.5266678e-01   5.6726323e-01
   3.4479249e-01   5.6754240e-01
   3.4087107e-01   5.7251252e-01
   3.5933709e-01   5.7394002e-01
   3.6389541e-01   5.7123611e-01
   3.5472688e-01   5.7093864e-01
   3.4458485e-01   5.6567137e-01
   3.5718795e-01   5.6444343e-01
   3.4377951e-01   5.6583921e-01
   3.5829852e-01   5.7620814e-01
   3.4181630e-01   5.7654612e-01
   3.5636109e-01   5.6672907e-01
   3.5927747e-01   5.6542816e-01
   3.4964267e-01   5.7418809e-01
   3.5638081e-01   5.6959640e-01
   3.5644718e-01   5.6503276e-01
   3.4081018e-01   5.6983317e-01
   3.4868731e-01   5.7878742e-01
   3.6389288e-01   5.7830792e-01
   3.4138604e-01   5.6963811e-01
   3.4517841e-01   5.7589623e-01
   3.5307806e-01   5.6614112e-01
   8.1411670e-01   5.6581007e-01
   8.0824602e-01   5.6718673e-01
   8.2002831e-01   5.9202070e-01
   8.1409566e-01   6.3402479e-01
   8.0405634e-01   6.8749406e-01
   8.2424836e-01   7.4118596e-01
   8.1497363e-01   7.9996052e-01
   8.2252444e-01   8.4791951e-01
   8.2693049e-01   9.0571878e-01
   8.2222044e-01   9.7651056e-01
   8.2182287e-01   1.0208719e+00
   8.1026029e-01   1.0855218e+00
   8.1271452e-01   1.1339374e+00
   8.0969187e-01   1.1762757e+00
   8.1914934e-01   1.2159747e+00
   8.1789298e-01   1.2607335e+00
   8.2419409e-01   1.2935142e+00
   8.1948044e-01   1.3318346e+00
   8.0371476e-01   1.3698623e+00
   8.1487625e-01   1.3956080e+00
   8.0976256e-01   1.4164357e+00
   8.1785900e-01   1.4398867e+00
   8.2010256e-01   1.4687945e+00
   8.2101065e-01   1.4870212e+00
   8.1466354e-01   1.5092544e+00
   8.2725379e-01   1.5239605e+00
   8.1373992e-01   1.5395471e+00
   8.0790019e-01   1.5546742e+00
   8.1533955e-01   1.5639564e+00
   8.0947032e-01   1.5733600e+00
   8.2361459e-01   1.5835175e+00
   8.0671581e-01   1.5907128e+00
   8.2683559e-01   1.6069099e+00
   8.0533472e-01   1.6083662e+00
   8.0862486e-01   1.6125233e+00
   8.2190705e-01   1.6256437e+00
   8.1126189e-01   1.6305932e+00
   8.1359079e-01   1.6274800e+00
   8.1574397e-01   1.6376582e+00
   8.1844695e-01   1.6402209e+00
   8.2584707e-01   1.6455528e+00
   8.2549388e-01   1.6438699e+00
   8.2158138e-01   1.6515888e+00
   8.0775285e-01   1.6479268e+00
   8.0827342e-01   1.6572165e+00
   8.1098991e-01   1.6634824e+00
   8.0713214e-01   1.6584402e+00
   8.1457951e-01   1.6564551e+00
   8.1967467e-01   1.6703458e+00
   8.2235360e-01   1.6618919e+00
   8.2540078e-01   1.6649453e+00
   8.1875797e-01   1.6717895e+00
   8.1228758e-01   1.6647757e+00
   8.2478672e-01   1.6705164e+00
   8.1168099e-01   1.6687062e+00
   8.0979818e-01   1.6772098e+00
   8.1527337e-01   1.6732191e+00
   8.0798906e-01   1.6683053e+00
   8.2196090e-01   1.6731186e+00
   8.2092150e-01   1.6704720e+00
   8.1525222e-01   1.6767647e+00
   8.1902316e-01   1.6743350e+00
   8.1628056e-01   1.6673084e+00
   8.1249301e-01   1.6734896e+00
   8.0756517e-01   1.6773639e+00
   8.2127481e-01   1.6715248e+00
   8.2298199e-01   1.6745290e+00
   8.1377354e-01   1.6784770e+00
   8.1550977e-01   1.6807934e+00
   2.5420469e-02   1.6772619e+00
   7.0401017e-03   1.6826818e+00
   9.4927483e-03   1.6414867e+00
   6.9582268e-03   1.5914025e+00
   2.8998595e-02   1.5197277e+00
   9.5053466e-03   1.4365876e+00
   2.6257952e-02   1.3487607e+00
   1.4673032e-02   1.2531837e+00
   1.2322180e-02   1.1712029e+00
   1.3319182e-02   1.0770321e+00
   5.9176326e-03   9.9206545e-01
   2.4050575e-02   9.1645698e-01
   2.8984410e-02   8.3528089e-01
   1.4870628e-02   7.6427132e-01
   1.6973704e-02   7.0340689e-01
   2.4687956e-02   6.4141941e-01
   2.7661880e-02   5.8692978e-01
   6.6392111e-03   5.3730452e-01
   2.6481382e-02   4.8424745e-01
   2.4409971e-02   4.5002239e-01
   2.4582324e-02   3.9665426e-01
   2.2071403e-02   3.6087760e-01
   2.0991536e-02   3.3252591e-01
   2.2788972e-02   3.0650647e-01
   1.3858052e-02   2.7433031e-01
   1.3169564e-02   2.4460897e-01
   1.0970322e-02   2.2383060e-01
   1.0959581e-02   2.0240238e-01
   1.5527057e-02   1.9369777e-01
   6.3918933e-03   1.7126680e-01
   5.5189345e-03   1.5897300e-01
   1.8811234e-02   1.3999482e-01
   2.2940231e-02   1.3772461e-01
   1.0328970e-02   1.2126594e-01
   1.3384230e-02   1.1549343e-01
   1.7741369e-02   1.0052503e-01
   2.6046954e-02   9.6727139e-02
   2.5169300e-02   8.1063154e-02
   1.5744660e-02   8.2208489e-02
   2.6848243e-02   6.6646921e-02
   1.3356814e-02   7.0070529e-02
   2.1940117e-02   6.4387585e-02
   2.0464348e-02   5.4544592e-02
   1.4300541e-02   5.4563861e-02
   1.7260457e-02   4.7660949e-02
   2.0640051e-02   5.2400915e-02
   1.1767997e-02   4.1150512e-02
   1.9153673e-02   4.6717025e-02
   6.5924999e-03   4.0779632e-02
   2.6790336e-02   4.1899475e-02
   7.2102565e-03   3.9177239e-02
   2.0217731e-02   3.3598117e-02
   2.7057184e-02   3.1715259e-02
   1.4620984e-02   3.6832717e-02
   2.6734997e-02   2.9928630e-02
   9.6223306e-03   2.9567149e-02
   9.7181474e-03   3.3198043e-02
   1.9499196e-02   2.3375460e-02
   1.3326353e-02   2.3235085e-02
   1.4360772e-02   2.4186329e-02
   2.0447910e-02   2.4079799e-02
   1.6450329e-02   2.1101375e-02
   1.6293894e-02   1.8927415e-02
   6.0719568e-03   1.9440148e-02
   9.1678904e-03   2.3694144e-02
   2.6125278e-02   2.5539569e-02
   1.5468754e-02   2.4657340e-02
   1.8885763e-02   2.8840899e-02
   1.6248129e-02   2.5849423e-02
  -7.2382424e-01   2.6337795e-02
  -7.2738141e-01   2.6325392e-02
  -7.2713380e-01  -6.2673205e-03
  -7.2909227e-01  -3.6787188e-02
  -7.2038858e-01  -7.9253301e-02
  -7.2674589e-01  -1.3764527e-01
  -7.2854690e-01  -1.9727549e-01
  -7.2767920e-01  -2.4941953e-01
  -7.3211443e-01  -3.0005092e-01
  -7.2140411e-01  -3.6219183e-01
  -7.3069567e-01  -4.1106441e-01
  -7.3204821e-01  -4.6706234e-01
  -7.3149442e-01  -5.1273777e-01
  -7.3454824e-01  -5.6759694e-01
  -7.3503493e-01  -5.9780020e-01
  -7.3074328e-01  -6.3715857e-01
  -7.2476247e-01  -6.7775105e-01
  -7.2493343e-01  -7.1511383e-01
  -7.2913302e-01  -7.4144575e-01
  -7.2787861e-01  -7.6918618e-01
  -7.2003235e-01  -7.9777649e-01
  -7.2580118e-01  -8.1395062e-01
  -7.1733488e-01  -8.4773922e-01
  -7.2904814e-01  -8.6092535e-01
  -7.1754636e-01  -8.7950139e-01
  -7.3396747e-01  -8.8960680e-01
  -7.2881364e-01  -9.1486183e-01
  -7.3262103e-01  -9.2172136e-01
  -7.1846220e-01  -9.3072064e-01
  -7.3624134e-01  -9.3873053e-01
  -7.2982022e-01  -9.5517411e-01
  -7.2049129e-01  -9.6870419e-01
  -7.3928990e-01  -9.6492022e-01
  -7.1785064e-01  -9.7273848e-01
  -7.2838325e-01  -9.8850274e-01
  -7.3461278e-01  -9.9040468e-01
  -7.2323381e-01  -9.9022653e-01
  -7.2073947e-01  -1.0063546e+00
  -7.2964909e-01  -1.0112684e+00
  -7.2403807e-01  -1.0103307e+00
  -7.2125929e-01  -1.0092275e+00
  -7.2918862e-01  -1.0217035e+00
  -7.3495627e-01  -1.0195071e+00
  -7.3035649e-01  -1.0256363e+00
  -7.3162483e-01  -1.0288762e+00
  -7.3241483e-01  -1.0235717e+00
  -7.3149189e-01  -1.0249719e+00
  -7.2710694e-01  -1.0284510e+00
  -7.2310162e-01  -1.0291978e+00
  -7.3338448e-01  -1.0279768e+00
  -7.3501603e-01  -1.0283788e+00
  -7.2445517e-01  -1.0385281e+00
  -7.2063237e-01  -1.0316189e+00
  -7.3601225e-01  -1.0298536e+00
  -7.3449609e-01  -1.0314714e+00
  -7.2653221e-01  -1.0434988e+00
  -7.3146260e-01  -1.0305733e+00
  -7.3563525e-01  -1.0411572e+00
  -7.3635465e-01  -1.0426371e+00
  -7.3540505e-01  -1.0440845e+00
  -7.2776401e-01  -1.0372742e+00
  -7.3353645e-01  -1.0427698e+00
  -7.2166918e-01  -1.0376858e+00
  -7.2284284e-01  -1.0403130e+00
  -7.1940683e-01  -1.0466871e+00
  -7.2440635e-01  -1.0363659e+00
  -7.3070222e-01  -1.0393965e+00
  -7.1613432e-01  -1.0446835e+00
  -7.2275146e-01  -1.0383761e+00
   6.4183198e-01  -1.0406276e+00
   6.3861842e-01  -1.0403385e+00
   6.2160208e-01  -9.9489079e-01
   6.1918427e-01  -9.2361493e-01
   6.2925185e-01  -8.1980776e-01
   6.2591293e-01  -7.0232941e-01
   6.2095279e-01  -5.9066973e-01
   6.2263216e-01  -4.6335046e-01
   6.2970476e-01  -3.4648614e-01
   6.3914916e-01  -2.1672644e-01
   6.2498661e-01  -1.0172640e-01
   6.2162662e-01   3.6404846e-03
   6.3024825e-01   1.1427337e-01
   6.3863872e-01   1.9968144e-01
   6.3355144e-01   3.0156136e-01
   6.3608339e-01   3.8184105e-01
   6.3699441e-01   4.5516968e-01
   6.2134367e-01   5.3581890e-01
   6.3525397e-01   5.9805218e-01
   6.4133963e-01   6.5293536e-01
   6.3807772e-01   7.1869962e-01
   6.1972137e-01   7.6381982e-01
   6.4114579e-01   8.0651046e-01
   6.3388410e-01   8.5549648e-01
   6.2157686e-01   8.9261783e-01
   6.2243969e-01   9.1848401e-01
   6.2975361e-01   9.4941496e-01
   6.2128010e-01   9.7929076e-01
   6.2810352e-01   1.0042231e+00
   6.2714886e-01   1.0327753e+00
   6.1936130e-01   1.0562835e+00
   6.4127896e-01   1.0721803e+00
   6.1927055e-01   1.0820165e+00
   6.3042621e-01   1.1012294e+00
   6.4006914e-01   1.1140505e+00
   6.2011958e-01   1.1328092e+00
   6.4161655e-01   1.1434119e+00
   6.2277524e-01   1.1470635e+00
   6.3653638e-01   1.1644342e+00
   6.2628285e-01   1.1620877e+00
   6.3553881e-01   1.1690507e+00
   6.2766513e-01   1.1755047e+00
   6.1883100e-01   1.1881642e+00
   6.1805217e-01   1.1939190e+00
   6.3522468e-01   1.2021530e+00
   6.4060953e-01   1.2031367e+00
   6.2736177e-01   1.2095055e+00
   6.3789653e-01   1.2174131e+00
   6.3588237e-01   1.2080667e+00
   6.3686589e-01   1.2122259e+00
   6.3591836e-01   1.2159291e+00
   6.3036570e-01   1.2247609e+00
   6.1885884e-01   1.2234877e+00
   6.3323734e-01   1.2298776e+00
   6.2061307e-01   1.2202964e+00
   6.3492633e-01   1.2325361e+00
   6.3187369e-01   1.2338287e+00
   6.2519081e-01   1.2319860e+00
   6.3504444e-01   1.2353828e+00
   6.4127753e-01   1.2350652e+00
   6.2115413e-01   1.2353380e+00
   6.1987687e-01   1.2284402e+00
   6.3683594e-01   1.2385498e+00
   6.1843645e-01   1.2346235e+00
   6.3496100e-01   1.2376253e+00
   6.4140303e-01   1.2362130e+00
   6.2063916e-01   1.2406826e+00
   6.3616980e-01   1.2379140e+00
   6.4036756e-01   1.2419763e+00
  -9.9586703e-01   1.2417874e+00
  -1.0018964e+00   1.2458321e+00
  -9.8444071e-01   1.1624538e+00
  -9.9234725e-01   1.0343816e+00
  -1.0005310e+00   8.6584685e-01
  -9.9843239e-01   6.7302817e-01
  -9.9016371e-01   4.7663817e-01
  -9.9709638e-01   2.6320281e-01
  -9.8593275e-01   6.2499591e-02
  -9.9508765e-01  -1.3755576e-01
  -9.9271280e-01  -3.3560944e-01
  -9.9766318e-01  -5.2079018e-01
  -1.0065492e+00  -6.9653375e-01
  -9.9071618e-01  -8.5838545e-01
  -9.9208798e-01  -1.0179889e+00
  -9.8510859e-01  -1.1631500e+00
  -9.8340321e-01  -1.2865815e+00
  -1.0055211e+00  -1.4150406e+00
  -9.9901203e-01  -1.5171499e+00
  -9.9970742e-01  -1.6177801e+00
  -9.8582504e-01  -1.7159934e+00
  -9.9671385e-01  -1.8008480e+00
  -1.0020476e+00  -1.8730563e+00
  -9.9493490e-01  -1.9512530e+00
  -9.8935256e-01  -2.0128389e+00
  -9.8869556e-01  -2.0740904e+00
  -1.0046275e+00  -2.1183436e+00
  -9.9422278e-01  -2.1619341e+00
  -9.9212390e-01  -2.2130735e+00
  -1.0024279e+00  -2.2500227e+00
  -9.9998029e-01  -2.2902588e+00
  -9.8787158e-01  -2.3131922e+00
  -9.9196708e-01  -2.3447209e+00
  -9.9741862e-01  -2.3758872e+00
  -9.8327038e-01  -2.3937490e+00
  -1.0062777e+00  -2.4178612e+00
  -1.0006196e+00  -2.4372020e+00
  -1.0040229e+00  -2.4472138e+00
  -9.9133320e-01  -2.4621267e+00
  -9.8688021e-01  -2.4862806e+00
  -1.0040367e+00  -2.4979507e+00
  -9.9887901e-01  -2.5021737e+00
  -1.0026166e+00  -2.5168050e+00
  -9.8759584e-01  -2.5250572e+00
  -9.9587092e-01  -2.5273759e+00
  -1.0028701e+00  -2.5403878e+00
  -1.0063955e+00  -2.5414891e+00
  -9.9504651e-01  -2.5539099e+00
  -9.9966951e-01  -2.5601016e+00
  -9.8340408e-01  -2.5560495e+00
  -1.0033913e+00  -2.5670024e+00
  -1.0000758e+00  -2.5698269e+00
  -9.8914225e-01  -2.5696714e+00
  -9.8859285e-01  -2.5821136e+00
  -9.8407618e-01  -2.5735863e+00
  -1.0040408e+00  -2.5859080e+00
  -9.9172273e-01  -2.5894987e+00
  -1.0024050e+00  -2.5812962e+00
  -1.0033054e+00  -2.5958229e+00
  -9.8411165e-01  -2.5893122e+00
  -9.9120813e-01  -2.5947168e+00
  -1.0048309e+00  -2.5983496e+00
  -9.8306286e-01  -2.5887187e+00
  -1.0010493e+00  -2.5925357e+00
  -1.0006611e+00  -2.5955510e+00
  -1.0021577e+00  -2.5955179e+00
  -1.0044035e+00  -2.5946908e+00
  -9.9800111e-01  -2.6044891e+00
  -9.8820873e-01  -2.6069435e+00
  -3.4052015e-01  -2.5975200e+00
  -3.2959164e-01  -2.5983962e+00
  -3.3423402e-01  -2.5531908e+00
  -3.3418566e-01  -2.4800599e+00
  -3.2777612e-01  -2.3818565e+00
  -3.4124672e-01  -2.2586518e+00
  -3.3505397e-01  -2.1422213e+00
  -3.2527433e-01  -2.0165673e+00
  -3.4795068e-01  -1.8917780e+00
  -3.4191427e-01  -1.7693042e+00
  -3.4492027e-01  -1.6587165e+00
  -3.4476612e-01  -1.5484729e+00
  -3.3520610e-01  -1.4379586e+00
  -3.4358544e-01  -1.3353836e+00
  -3.2870433e-01  -1.2520830e+00
  -3.4733439e-01  -1.1579551e+00
  -3.4364876e-01  -1.0782827e+00
  -3.4081627e-01  -1.0180763e+00
  -3.3834970e-01  -9.4856836e-01
  -3.2881537e-01  -8.8369286e-01
  -3.2596146e-01  -8.3458270e-01
  -3.4036912e-01  -7.7888462e-01
  -3.4297998e-01  -7.3533997e-01
  -3.3645502e-01  -6.8613565e-01
  -3.3980697e-01  -6.5334717e-01
  -3.4082901e-01  -6.2128446e-01
  -3.4356049e-01  -5.8100446e-01
  -3.3482875e-01  -5.6198791e-01
  -3.2979606e-01  -5.3400648e-01
  -3.4755507e-01  -5.0511723e-01
  -3.2888924e-01  -4.8260226e-01
  -3.4694547e-01  -4.7241724e-01
  -3.3819387e-01  -4.4610621e-01
  -3.3246873e-01  -4.3588961e-01
  -3.4279478e-01  -4.2603096e-01
  -3.3205191e-01  -4.1325360e-01
  -3.3737770e-01  -3.9609290e-01
  -3.2631105e-01  -3.8319785e-01
  -3.3533110e-01  -3.7652020e-01
  -3.3064506e-01  -3.6874798e-01
  -3.3094466e-01  -3.6209275e-01
  -3.2541303e-01  -3.5215929e-01
  -3.3039660e-01  -3.4672076e-01
  -3.3670803e-01  -3.4722118e-01
  -3.4843198e-01  -3.3072679e-01
  -3.4472435e-01  -3.3139906e-01
  -3.4821715e-01  -3.2305456e-01
  -3.3567283e-01  -3.1891459e-01
  -3.4382167e-01  -3.2094807e-01
  -3.3305350e-01  -3.2224772e-01
  -3.4446847e-01  -3.1916060e-01
  -3.4679752e-01  -3.1989159e-01
  -3.3974614e-01  -3.1567574e-01
  -3.4208905e-01  -3.1357906e-01
  -3.4891208e-01  -3.0609040e-01
  -3.2597564e-01  -3.0599778e-01
  -3.2637317e-01  -3.0545328e-01
  -3.3467630e-01  -2.9887330e-01
  -3.3658612e-01  -3.0549334e-01
  -3.4245156e-01  -3.0393934e-01
  -3.2661794e-01  -3.0510001e-01
  -3.2980132e-01  -2.9507681e-01
  -3.4444695e-01  -3.0378293e-01
  -3.2813117e-01  -2.9909147e-01
  -3.3647125e-01  -2.9990606e-01
  -3.4053577e-01  -2.9262532e-01
  -3.4282866e-01  -2.9409123e-01
  -3.3585024e-01  -2.9532058e-01
  -3.4321633e-01  -2.9977207e-01
   5.6500500e-01  -2.9481436e-01
   5.7978692e-01  -3.0002941e-01
   5.5916673e-01  -2.6263877e-01
   5.7379452e-01  -2.2313003e-01
   5.7933680e-01  -1.5614833e-01
   5.7420665e-01  -9.6923852e-02
   5.7064734e-01  -1.6528464e-02
   5.7657649e-01   5.6378528e-02
   5.7110406e-01   1.2430391e-01
   5.7135653e-01   2.0878888e-01
   5.7858981e-01   2.7063283e-01
   5.6901871e-01   3.3837742e-01
   5.7310249e-01   4.0786190e-01
   5.7537622e-01   4.5594116e-01
   5.7432152e-01   5.1041015e-01
   5.6840117e-01   5.6708508e-01
   5.6831239e-01   6.1807403e-01
   5.5708386e-01   6.6277525e-01
   5.6862772e-01   6.9208498e-01
   5.5808496e-01   7.3477169e-01
   5.6303999e-01   7.7016630e-01
   5.7191594e-01   7.9137794e-01
   5.6525111e-01   8.2199898e-01
   5.7153953e-01   8.5265725e-01
   5.7703679e-01   8.7091155e-01
   5.6823908e-01   8.9225275e-01
   5.7439086e-01   9.1032456e-01
   5.6659992e-01   9.3193043e-01
   5.7829503e-01   9.4061374e-01
   5.7500221e-01   9.5560361e-01
   5.5838906e-01   9.7017979e-01
   5.7278565e-01   9.8720299e-01
   5.6108056e-01   9.9802314e-01
   5.6445575e-01   9.9660561e-01
   5.6797734e-01   1.0141383e+00
   5.6336529e-01   1.0189116e+00
   5.7107587e-01   1.0212989e+00
   5.7825900e-01   1.0369514e+00
   5.7508039e-01   1.0317578e+00
   5.7776141e-01   1.0364894e+00
   5.7843936e-01   1.0433423e+00
   5.5846748e-01   1.0460805e+00
   5.6700237e-01   1.0590078e+00
   5.6235805e-01   1.0618782e+00
   5.7983627e-01   1.0635275e+00
   5.6398725e-01   1.0575409e+00
   5.7730805e-01   1.0631579e+00
   5.5867683e-01   1.0620012e+00
   5.7702537e-01   1.0634374e+00
   5.7009799e-01   1.0756421e+00
   5.6790605e-01   1.0698587e+00
   5.6849849e-01   1.0794192e+00
   5.6681194e-01   1.0748680e+00
   5.5863405e-01   1.0772714e+00
   5.6271119e-01   1.0797224e+00
   5.6752867e-01   1.0743417e+00
   5.6451073e-01   1.0778022e+00
   5.6706826e-01   1.0880924e+00
   5.7622932e-01   1.0863896e+00
   5.7876128e-01   1.0865515e+00
   5.5651128e-01   1.0805166e+00
   5.6005092e-01   1.0884712e+00
   5.7043599e-01   1.0875412e+00
   5.8037288e-01   1.0871629e+00
   5.5702670e-01   1.0895639e+00
   5.6411909e-01   1.0906972e+00
   5.7345796e-01   1.0794336e+00
   5.6929048e-01   1.0853098e+00
   5.6807404e-01   1.0918768e+00
   1.6601844e-01   1.0886749e+00
   1.7043565e-01   1.0809408e+00
   1.5795351e-01   1.0740761e+00
   1.4946433e-01   1.0412186e+00
   1.6317292e-01   1.0000761e+00
   1.6817617e-01   9.6544786e-01
   1.6953186e-01   9.1439011e-01
   1.7063886e-01   8.6252130e-01
   1.6557427e-01   8.2385388e-01
   1.5708090e-01   7.8006469e-01
   1.5875291e-01   7.2283932e-01
   1.6186823e-01   6.9290932e-01
   1.5352668e-01   6.4053186e-01
   1.6266588e-01   6.0944873e-01
   1.6823626e-01   5.6980721e-01
   1.6319826e-01   5.4609812e-01
   1.6629475e-01   5.1427911e-01
   1.6757002e-01   4.9004890e-01
   1.5145839e-01   4.5744987e-01
   1.6325175e-01   4.4092593e-01
   1.6635034e-01   4.1563419e-01
   1.6753118e-01   4.0100523e-01
   1.5259510e-01   3.7714314e-01
   1.6416816e-01   3.6942558e-01
   1.6520400e-01   3.4616036e-01
   1.5321233e-01   3.3768861e-01
   1.5917398e-01   3.2529088e-01
   1.6896243e-01   3.1946402e-01
   1.7224633e-01   3.0041591e-01
   1.6889312e-01   2.9633823e-01
   1.6280007e-01   2.8144134e-01
   1.5303196e-01   2.7778269e-01
   1.6019027e-01   2.6719711e-01
   1.7226670e-01   2.6166997e-01
   1.5945134e-01   2.6290251e-01
   1.7220940e-01   2.5850068e-01
   1.5292692e-01   2.5173479e-01
   1.5795894e-01   2.4701053e-01
   1.6330683e-01   2.4297826e-01
   1.7075237e-01   2.3982636e-01
   1.7088130e-01   2.3499752e-01
   1.5831723e-01   2.4256235e-01
   1.5968940e-01   2.2990322e-01
   1.5164346e-01   2.2866080e-01
   1.6419203e-01   2.3200534e-01
   1.5633944e-01   2.3532614e-01
   1.6322096e-01   2.2863934e-01
   1.6931744e-01   2.2275609e-01
   1.5600446e-01   2.2854093e-01
   1.6136372e-01   2.1968916e-01
   1.6969896e-01   2.1989338e-01
   1.6736020e-01   2.1578713e-01
   1.5162759e-01   2.1784812e-01
   1.5271713e-01   2.1874745e-01
   1.6963731e-01   2.2608280e-01
   1.6259316e-01   2.2430035e-01
   1.5137742e-01   2.1239604e-01
   1.6050567e-01   2.1914445e-01
   1.5013002e-01   2.1625623e-01
   1.4906039e-01   2.1660483e-01
   1.5758214e-01   2.2077860e-01
   1.5459226e-01   2.1356690e-01
   1.6697190e-01   2.1163983e-01
   1.6051895e-01   2.2028878e-01
   1.6050675e-01   2.1360910e-01
   1.5017980e-01   2.1858802e-01
   1.6728534e-01   2.1947304e-01
   1.6243547e-01   2.1695628e-01
   1.6989247e-01   2.1450525e-01
  -1.8042543e-01   2.0913533e-01
  -1.8579397e-01   2.1516184e-01
  -1.8590826e-01   2.0215411e-01
  -1.7384935e-01   1.9606432e-01
  -1.7265625e-01   1.7874980e-01
  -1.7943661e-01   1.6451719e-01
  -1.6818127e-01   1.4196013e-01
  -1.6730449e-01   1.1806291e-01
  -1.6663703e-01   9.5206518e-02
  -1.7293126e-01   8.2969964e-02
  -1.7542357e-01   5.9012031e-02
  -1.8235554e-01   3.7875131e-02
  -1.8499714e-01   2.4966692e-02
  -1.7991876e-01   1.3887918e-02
  -1.8961368e-01  -9.7384697e-03
  -1.7080439e-01  -1.8249485e-02
  -1.8515452e-01  -3.4181738e-02
  -1.6652597e-01  -4.0226922e-02
  -1.7383646e-01  -5.5669697e-02
  -1.7592596e-01  -6.6729235e-02
  -1.8284210e-01  -7.1711898e-02
  -1.7833633e-01  -8.4542780e-02
  -1.7982798e-01  -9.8618781e-02
  -1.6960624e-01  -9.1939477e-02
  -1.7327611e-01  -1.0265083e-01
  -1.7861703e-01  -1.1273028e-01
  -1.7041984e-01  -1.1176421e-01
  -1.8307050e-01  -1.2477016e-01
  -1.7660668e-01  -1.2827963e-01
  -1.7708143e-01  -1.2534197e-01
  -1.6723348e-01  -1.3062893e-01
  -1.7540361e-01  -1.3873708e-01
  -1.7657498e-01  -1.3181870e-01
  -1.7424457e-01  -1.4394147e-01
  -1.7923160e-01  -1.4587106e-01
  -1.8665583e-01  -1.4719761e-01
  -1.7873834e-01  -1.5134594e-01
  -1.7623612e-01  -1.4855955e-01
  -1.8140461e-01  -1.5364502e-01
  -1.7504136e-01  -1.4706631e-01
  -1.7281968e-01  -1.5727970e-01
  -1.7084915e-01  -1.5436338e-01
  -1.7563593e-01  -1.5273940e-01
  -1.8863855e-01  -1.5807606e-01
  -1.8612329e-01  -1.5850641e-01
  -1.6828370e-01  -1.6300326e-01
  -1.8255037e-01  -1.5513414e-01
  -1.7671860e-01  -1.5992000e-01
  -1.7985605e-01  -1.5874411e-01
  -1.7148894e-01  -1.6579491e-01
  -1.7376388e-01  -1.5761276e-01
  -1.6780949e-01  -1.5524838e-01
  -1.7359230e-01  -1.5822967e-01
  -1.8464607e-01  -1.5518692e-01
  -1.8351622e-01  -1.6698514e-01
  -1.7868804e-01  -1.6622433e-01
  -1.7374443e-01  -1.5963548e-01
  -7.2018886e-01  -1.6434231e-01
