  -7.5422934e-03  -5.0681726e-03
   9.0813612e-03   3.0632440e-03
   5.1626453e-03  -3.9822721e-03
   2.4682492e-03  -2.0889254e-03
   7.4322579e-03  -3.9357989e-03
   7.8184832e-03  -4.0990955e-03
   3.1737514e-03  -1.9313721e-03
   7.7693329e-03   2.0686938e-03
  -1.0678155e-02  -3.6029773e-03
  -2.0898272e-04  -4.3571763e-03
   4.3523305e-01   5.3916919e-03
   4.5325666e-01   2.4740376e-03
   4.3070853e-01   1.5959947e-02
   4.4504371e-01   4.1026594e-02
   4.5175234e-01   7.9022560e-02
   4.4831340e-01   1.0920013e-01
   4.4042846e-01   1.5668123e-01
   4.4892414e-01   1.9734448e-01
   4.5188139e-01   2.4063600e-01
   4.3309279e-01   2.8073569e-01
   4.4472545e-01   3.2191731e-01
   4.3989862e-01   3.5428186e-01
   4.5223753e-01   3.9315059e-01
   4.4636931e-01   4.2915765e-01
   4.3183993e-01   4.5759039e-01
   4.4151087e-01   4.8629308e-01
   4.3917050e-01   5.0929856e-01
   4.4750020e-01   5.2914053e-01
   4.3546322e-01   5.5669603e-01
   4.4346774e-01   5.7233298e-01
   4.4411304e-01   5.9134860e-01
   4.4224031e-01   6.2149510e-01
   4.3136865e-01   6.3201610e-01
   4.3369788e-01   6.4906884e-01
   4.5402472e-01   6.5264186e-01
   4.5109670e-01   6.7351400e-01
   4.4972111e-01   6.7695552e-01
   4.3979007e-01   6.8854929e-01
   4.4015883e-01   6.9604574e-01
   4.4662086e-01   7.1058189e-01
   4.5112891e-01   7.1508979e-01
   4.4689827e-01   7.1722017e-01
   4.5110932e-01   7.3167212e-01
   4.4999333e-01   7.2976969e-01
   4.4174661e-01   7.3285915e-01
   4.5314107e-01   7.3527746e-01
   4.4474720e-01   7.3609927e-01
   4.5068576e-01   7.4809300e-01
   4.3569744e-01   7.5263367e-01
   4.3209079e-01   7.4593888e-01
   4.4643034e-01   7.6019706e-01
   4.3864779e-01   7.5775645e-01
   4.4164984e-01   7.6557095e-01
   4.3626877e-01   7.5494377e-01
   4.5059465e-01   7.6113810e-01
   4.3740620e-01   7.5938787e-01
   4.3268893e-01   7.6616009e-01
   4.4538221e-01   7.7184417e-01
   4.4912951e-01   7.6122670e-01
   4.4448121e-01   7.7523213e-01
   4.5403142e-01   7.7013915e-01
   4.4906164e-01   7.7604325e-01
   4.4227141e-01   7.6895891e-01
   4.4856165e-01   7.7439566e-01
   4.5023478e-01   7.7903514e-01
   4.4808809e-01   7.7387038e-01
   4.3844724e-01   7.7308624e-01
   4.4446898e-01   7.7011089e-01
   4.4468246e-01   7.6908598e-01
   4.3356728e-01   7.7278839e-01
   4.4175125e-01   7.7225382e-01
   4.3493104e-01   7.6881103e-01
   4.3501992e-01   7.6961363e-01
   4.5064574e-01   7.8255189e-01
   4.4474136e-01   7.8168265e-01
   4.4247730e-01   7.6956273e-01
   4.5423586e-01   7.7391238e-01
   4.4196499e-01   7.7724692e-01
   4.3192991e-01   7.8139890e-01
   3.8507553e-01   7.7914364e-01
   3.9663613e-01   7.8213173e-01
   3.8616764e-01   7.7171479e-01
   3.7891526e-01   7.6471305e-01
   3.8804489e-01   7.5962185e-01
   3.9392638e-01   7.5612080e-01
   3.8841383e-01   7.4635581e-01
   3.9224320e-01   7.4255472e-01
   3.8806174e-01   7.4108340e-01
   3.8880694e-01   7.2984454e-01
   3.7969076e-01   7.2329831e-01
   3.7498037e-01   7.2556102e-01
   3.9030463e-01   7.1985112e-01
   3.8591413e-01   7.0125775e-01
   3.8548011e-01   6.9627275e-01
   3.8509312e-01   7.0451162e-01
   3.8909702e-01   6.8811712e-01
   3.9480531e-01   6.9375404e-01
   3.9813105e-01   6.8723990e-01
   3.8194064e-01   6.7804337e-01
   3.9071642e-01   6.7349521e-01
   3.7559868e-01   6.7105039e-01
   3.8474940e-01   6.7787228e-01
   3.9082798e-01   6.7707759e-01
   3.8605343e-01   6.6258536e-01
   3.8338064e-01   6.7371906e-01
   3.8816910e-01   6.6099731e-01
   3.8272058e-01   6.6417559e-01
   3.9256553e-01   6.5973878e-01
   3.8353774e-01   6.5708591e-01
   3.8547250e-01   6.5778778e-01
   3.9329143e-01   6.6587520e-01
   3.8399738e-01   6.6470053e-01
   3.8239174e-01   6.5990392e-01
   3.9700941e-01   6.5300114e-01
   3.8832607e-01   6.5066286e-01
   3.7847195e-01   6.5952743e-01
   3.8164754e-01   6.4917437e-01
   3.9528920e-01   6.5587104e-01
   3.7755037e-01   6.5690092e-01
   3.7623752e-01   6.5681056e-01
   3.8341426e-01   6.4923541e-01
   3.8524114e-01   6.5443422e-01
   3.8282208e-01   6.5738464e-01
   3.9659411e-01   6.5037058e-01
   3.8615546e-01   6.5228544e-01
   3.7617887e-01   6.5301142e-01
   3.8150210e-01   6.5480495e-01
   3.8097758e-01   6.4818846e-01
   3.9594049e-01   6.5115895e-01
   3.7795884e-01   6.5451793e-01
   3.9568125e-01   6.4637112e-01
   3.8870476e-01   6.5694985e-01
   3.8136858e-01   6.4989456e-01
   3.9009308e-01   6.5064809e-01
   3.8583282e-01   6.4391223e-01
   3.7774666e-01   6.4850469e-01
   3.8407535e-01   6.4727730e-01
   3.7599843e-01   6.4977668e-01
   3.8209272e-01   6.4325270e-01
   3.7642531e-01   6.4928756e-01
   3.9404721e-01   6.5081418e-01
   3.8673763e-01   6.4642892e-01
   3.8368283e-01   6.4354655e-01
   3.9588005e-01   6.4367173e-01
   3.9566888e-01   6.5564685e-01
   3.8920671e-01   6.4939541e-01
   3.9386927e-01   6.5013259e-01
   3.9450139e-01   6.5478581e-01
  -5.8347048e-01   6.4349681e-01
  -5.8320091e-01   6.5351856e-01
  -5.8672174e-01   6.2556965e-01
  -5.8814088e-01   5.7919798e-01
  -6.0153565e-01   5.2559680e-01
  -5.8596422e-01   4.6038334e-01
  -6.0162596e-01   3.9217040e-01
  -5.8887896e-01   3.1435520e-01
  -5.8088753e-01   2.5482182e-01
  -5.9248574e-01   1.8447318e-01
  -5.8430994e-01   1.1434842e-01
  -5.9962942e-01   4.9729300e-02
  -5.8444608e-01  -5.4599660e-03
  -5.9549045e-01  -5.5602485e-02
  -5.8966874e-01  -1.0910473e-01
  -5.9241737e-01  -1.6521409e-01
  -5.8782335e-01  -1.9993482e-01
  -6.0175213e-01  -2.4907932e-01
  -5.7927485e-01  -2.8040533e-01
  -5.9842995e-01  -3.2415864e-01
  -5.9229614e-01  -3.5394267e-01
  -5.9557503e-01  -3.7697055e-01
  -5.9560162e-01  -4.0247848e-01
  -5.9248666e-01  -4.2234908e-01
  -5.9528843e-01  -4.4209323e-01
  -5.8402165e-01  -4.6815510e-01
  -5.8109712e-01  -4.9271300e-01
  -6.0141223e-01  -4.9916516e-01
  -5.8601019e-01  -5.1997824e-01
  -5.9693207e-01  -5.3322658e-01
  -5.9081388e-01  -5.3714234e-01
  -5.8850360e-01  -5.4619642e-01
  -5.9270692e-01  -5.5676969e-01
  -5.8619598e-01  -5.6861577e-01
  -5.7956911e-01  -5.7893917e-01
  -5.8368821e-01  -5.8538451e-01
  -5.9055858e-01  -5.8684232e-01
  -5.9320553e-01  -6.0117112e-01
  -5.9079027e-01  -5.9937608e-01
  -5.8783233e-01  -6.0116368e-01
  -5.8967963e-01  -6.1701321e-01
  -5.9081513e-01  -6.2121898e-01
  -5.8357514e-01  -6.1637138e-01
  -5.8614090e-01  -6.2080334e-01
  -5.9811972e-01  -6.2323144e-01
  -5.9601132e-01  -6.3085786e-01
  -5.9035860e-01  -6.3399226e-01
  -5.9856585e-01  -6.3002459e-01
  -5.8904223e-01  -6.3614561e-01
  -5.9236646e-01  -6.2902805e-01
  -5.8417613e-01  -6.3096543e-01
  -5.9816318e-01  -6.3717494e-01
  -5.8604346e-01  -6.3384909e-01
  -5.8833143e-01  -6.4212448e-01
  -5.7944978e-01  -6.4509664e-01
  -5.9956864e-01  -6.4247637e-01
  -5.8409795e-01  -6.4537252e-01
  -5.8828727e-01  -6.4394554e-01
  -5.9331608e-01  -6.4797920e-01
  -5.8076176e-01  -6.4300048e-01
  -6.0201818e-01  -6.4510232e-01
  -5.8265720e-01  -6.4562126e-01
  -5.8762237e-01  -6.4873343e-01
  -5.9680377e-01  -6.4275470e-01
  -6.0247750e-01  -6.4173678e-01
  -6.0087912e-01  -6.4808817e-01
  -5.8176734e-01  -6.4508940e-01
  -5.8955673e-01  -6.4712645e-01
  -5.9960248e-01  -6.5421056e-01
   8.1806549e-01  -6.5416490e-01
   8.0766970e-01  -6.5453000e-01
   7.9684638e-01  -6.0617471e-01
   8.0679789e-01  -5.2257633e-01
   8.0293269e-01  -4.1769096e-01
   8.1769085e-01  -3.1177514e-01
   8.0912218e-01  -1.8836794e-01
   8.1559544e-01  -6.2250811e-02
   8.1608779e-01   5.4992117e-02
   8.1643371e-01   1.8562752e-01
   7.9896303e-01   2.9799534e-01
   8.0986768e-01   4.0709104e-01
   8.0784223e-01   5.1389461e-01
   8.0981783e-01   6.0962965e-01
   8.0736417e-01   7.0131224e-01
   8.0074977e-01   7.8938182e-01
   8.0938872e-01   8.7453374e-01
   8.0488636e-01   9.4516111e-01
   8.1319414e-01   1.0017556e+00
   8.0755302e-01   1.0643682e+00
   8.0275461e-01   1.1186669e+00
   8.0302642e-01   1.1764990e+00
   7.9849468e-01   1.2255954e+00
   8.1011724e-01   1.2660903e+00
   8.0345384e-01   1.2957380e+00
   8.0860273e-01   1.3404578e+00
   7.9687275e-01   1.3710360e+00
   8.0503105e-01   1.3883635e+00
   8.1407154e-01   1.4156725e+00
   8.1779494e-01   1.4418278e+00
   8.1231246e-01   1.4594627e+00
   8.0081247e-01   1.4776062e+00
   8.0196703e-01   1.4998636e+00
   8.1017806e-01   1.5220475e+00
   8.1064473e-01   1.5300776e+00
   8.0895518e-01   1.5427324e+00
   8.0744483e-01   1.5487062e+00
   7.9927372e-01   1.5629287e+00
   8.1544561e-01   1.5790736e+00
   8.0790092e-01   1.5864149e+00
   8.1759838e-01   1.5879383e+00
   7.9643251e-01   1.6035945e+00
   8.1500559e-01   1.6065079e+00
   8.0945536e-01   1.6025176e+00
   8.1439890e-01   1.6068636e+00
   8.0848667e-01   1.6185767e+00
   7.9724483e-01   1.6184889e+00
   7.9539589e-01   1.6317136e+00
   8.0888531e-01   1.6224261e+00
   8.0669496e-01   1.6352882e+00
   8.0557109e-01   1.6339998e+00
   7.9511465e-01   1.6419302e+00
   8.0209599e-01   1.6319289e+00
   8.0123990e-01   1.6453867e+00
   8.1115371e-01   1.6388923e+00
   7.9519567e-01   1.6500526e+00
   8.0996546e-01   1.6425392e+00
   8.0391285e-01   1.6479442e+00
   8.0430924e-01   1.6493585e+00
   8.0019965e-01   1.6490737e+00
   8.1202433e-01   1.6553401e+00
   7.9593769e-01   1.6536338e+00
   8.1735060e-01   1.6546884e+00
   8.1777802e-01   1.6520722e+00
   7.9769606e-01   1.6541695e+00
   8.1453557e-01   1.6566693e+00
   7.9901102e-01   1.6537394e+00
   8.0546803e-01   1.6478376e+00
   8.0734092e-01   1.6485634e+00
   7.3795121e-02   1.6585092e+00
   8.5508791e-02   1.6531080e+00
   9.1646247e-02   1.6261922e+00
   7.3339307e-02   1.5651446e+00
   8.9242949e-02   1.5008287e+00
   9.1393153e-02   1.4238972e+00
   8.5417788e-02   1.3458765e+00
   8.6938155e-02   1.2596454e+00
   7.7312799e-02   1.1822305e+00
   7.6885776e-02   1.0942226e+00
   9.4302509e-02   1.0137812e+00
   8.7372467e-02   9.3798943e-01
   7.5970117e-02   8.6932976e-01
   7.3504072e-02   8.0454015e-01
   8.5953759e-02   7.3914209e-01
   7.6997219e-02   6.8726124e-01
   8.9204358e-02   6.2854042e-01
   9.0170107e-02   5.8809767e-01
   9.6027928e-02   5.3421776e-01
   8.0928494e-02   5.0060842e-01
   8.9768241e-02   4.5789642e-01
   7.5171200e-02   4.3434350e-01
   8.4871240e-02   3.9443336e-01
   9.1526687e-02   3.6936181e-01
   8.2799691e-02   3.4515196e-01
   8.8971505e-02   3.1579913e-01
   7.9893293e-02   2.9237034e-01
   8.8080282e-02   2.7701400e-01
   8.6577807e-02   2.6040479e-01
   7.5262377e-02   2.4119740e-01
   8.9996508e-02   2.3739868e-01
   7.6423683e-02   2.2432454e-01
   7.9092236e-02   2.0968533e-01
   7.3377350e-02   2.0426891e-01
   7.5868184e-02   1.8189948e-01
   7.4206589e-02   1.7544889e-01
   8.5027761e-02   1.6774589e-01
   7.7891167e-02   1.6295267e-01
   8.0841594e-02   1.5673782e-01
   8.7009651e-02   1.5229946e-01
   9.5067988e-02   1.5184038e-01
   9.6119509e-02   1.4528314e-01
   7.9890982e-02   1.3620606e-01
   8.5435809e-02   1.3878973e-01
   8.6189161e-02   1.3192778e-01
   7.5216272e-02   1.2263581e-01
   8.3490486e-02   1.2491396e-01
   9.4882094e-02   1.2797068e-01
   8.0507484e-02   1.1745181e-01
   8.2136755e-02   1.2260442e-01
   9.1590338e-02   1.2028071e-01
   9.5595995e-02   1.1897297e-01
   8.8154265e-02   1.2134179e-01
   8.9113042e-02   1.1835988e-01
   7.8047443e-02   1.0747701e-01
   8.3703027e-02   1.1268201e-01
   9.0837399e-02   1.1296953e-01
   7.8994002e-02   1.0943155e-01
   8.9888559e-02   1.0455882e-01
   9.5221315e-02   1.0685626e-01
   8.4995823e-02   1.0486250e-01
   8.0458134e-02   1.0609922e-01
   7.9804601e-02   1.0436051e-01
   8.4448115e-02   1.1270410e-01
   7.8161201e-02   1.0613090e-01
   8.8907363e-02   1.0981230e-01
   7.3104341e-02   1.1030915e-01
   7.3519014e-02   1.0131982e-01
   9.0311525e-02   1.0992191e-01
  -2.9198883e-01   1.1119706e-01
  -3.0740535e-01   9.7491732e-02
  -2.8594076e-01   9.1809409e-02
  -2.8619013e-01   7.8427603e-02
  -3.0110593e-01   6.3448915e-02
  -3.0711757e-01   4.9477646e-02
  -2.9085848e-01   2.9034820e-02
  -3.0130703e-01   1.8330529e-02
  -2.9486436e-01  -7.9703701e-03
  -3.0836972e-01  -3.0332229e-02
  -3.0385841e-01  -4.6913741e-02
  -2.9087254e-01  -5.8350358e-02
  -3.0370775e-01  -7.7182297e-02
  -3.0560757e-01  -9.6862123e-02
  -2.8821013e-01  -1.0925847e-01
  -2.8736697e-01  -1.2704584e-01
  -3.0642890e-01  -1.2937805e-01
  -2.8692142e-01  -1.4984089e-01
  -2.9009036e-01  -1.5913375e-01
  -3.0487468e-01  -1.5924937e-01
  -2.8715901e-01  -1.7725315e-01
  -2.9016514e-01  -1.7607425e-01
  -2.8627654e-01  -1.9608563e-01
  -2.8973330e-01  -1.9151278e-01
  -3.0010220e-01  -2.0619475e-01
  -3.0090031e-01  -2.0552335e-01
  -3.0259945e-01  -2.0951739e-01
  -2.8683004e-01  -2.2334933e-01
  -2.9680643e-01  -2.2178792e-01
  -2.8968956e-01  -2.2361160e-01
  -2.9623101e-01  -2.2677969e-01
  -2.9096267e-01  -2.2944584e-01
  -3.0075208e-01  -2.3832927e-01
  -2.9231311e-01  -2.4270495e-01
  -2.9772549e-01  -2.3595579e-01
  -3.0358758e-01  -2.3607169e-01
  -2.9567491e-01  -2.4321283e-01
  -3.0501587e-01  -2.3733928e-01
  -3.0414614e-01  -2.4818917e-01
  -2.9902283e-01  -2.4658147e-01
  -2.9346355e-01  -2.4143807e-01
  -2.8823135e-01  -2.4983819e-01
  -3.0090543e-01  -2.5587882e-01
  -3.0054164e-01  -2.4614848e-01
  -2.9662069e-01  -2.5526089e-01
  -2.9103226e-01  -2.5589065e-01
  -3.0848074e-01  -2.6002243e-01
  -3.0529176e-01  -2.5875557e-01
  -3.0893297e-01  -2.5226355e-01
  -2.9976869e-01  -2.5179859e-01
  -3.0361315e-01  -2.5884169e-01
  -2.9225245e-01  -2.5395008e-01
  -2.9827087e-01  -2.5518895e-01
  -2.9912877e-01  -2.5123826e-01
  -3.0718707e-01  -2.6140929e-01
  -2.9068895e-01  -2.5868827e-01
  -2.9302422e-01  -2.5242289e-01
  -3.0651725e-01  -2.5199465e-01
  -3.0940307e-01  -2.6151911e-01
  -2.9658885e-01  -2.5504730e-01
  -3.0868950e-01  -2.5658831e-01
  -2.9029063e-01  -2.5824756e-01
  -2.9207590e-01  -2.5714532e-01
  -3.0370496e-01  -2.5518222e-01
  -2.9697063e-01  -2.5371041e-01
  -3.0899045e-01  -2.5964066e-01
  -3.0755087e-01  -2.6363331e-01
  -3.0652733e-01  -2.5694758e-01
  -3.0705025e-01  -2.5864278e-01
   6.1587646e-01  -2.5364552e-01
   6.0379124e-01  -2.5262123e-01
   6.2480678e-01  -2.2561692e-01
   6.0867279e-01  -1.7296437e-01
   6.0922236e-01  -1.1082265e-01
   6.2630230e-01  -4.0824768e-02
   6.1857151e-01   2.8856229e-02
   6.1526565e-01   1.0853068e-01
   6.2090357e-01   1.9207327e-01
   6.0390648e-01   2.6951204e-01
   6.2155920e-01   3.4571704e-01
   6.1798206e-01   4.1879253e-01
   6.2608089e-01   4.7524530e-01
   6.2426202e-01   5.3703041e-01
   6.0723621e-01   5.9378414e-01
   6.2117657e-01   6.4917108e-01
   6.2055564e-01   7.0578754e-01
   6.1801067e-01   7.5279902e-01
   6.2365118e-01   7.9094120e-01
   6.0954839e-01   8.3143078e-01
   6.0844656e-01   8.7145669e-01
   6.0859422e-01   8.9489593e-01
   6.2538233e-01   9.2397580e-01
   6.1496156e-01   9.5182671e-01
   6.1234854e-01   9.7180770e-01
   6.2067666e-01   9.9607929e-01
   6.0505082e-01   1.0245735e+00
   6.0583984e-01   1.0403453e+00
   6.2075378e-01   1.0578457e+00
   6.1042874e-01   1.0708297e+00
   6.1560771e-01   1.0817281e+00
   6.0266368e-01   1.0997858e+00
   6.0987641e-01   1.1024770e+00
   6.2373089e-01   1.1087444e+00
   6.2183524e-01   1.1188612e+00
   6.1188985e-01   1.1327097e+00
   6.1659683e-01   1.1388941e+00
   6.0938819e-01   1.1476838e+00
   6.2209631e-01   1.1465435e+00
   6.1738248e-01   1.1579760e+00
   6.1059886e-01   1.1614490e+00
   6.2437349e-01   1.1722076e+00
   6.1782732e-01   1.1686054e+00
   6.0719506e-01   1.1707501e+00
   6.2026225e-01   1.1815515e+00
   6.1673990e-01   1.1775318e+00
   6.2423368e-01   1.1800172e+00
   6.1615110e-01   1.1840586e+00
   6.2466078e-01   1.1875184e+00
   6.0590699e-01   1.1897749e+00
   6.0495867e-01   1.1916944e+00
   6.2248787e-01   1.1915498e+00
   6.0965633e-01   1.1976511e+00
   6.0321767e-01   1.2000332e+00
   6.0756682e-01   1.1949169e+00
   6.1870370e-01   1.2003128e+00
   6.2305106e-01   1.1962589e+00
   6.1213219e-01   1.1951122e+00
   6.1504556e-01   1.2002727e+00
   6.0875201e-01   1.2042624e+00
   6.0327879e-01   1.2043790e+00
   6.2049221e-01   1.2016758e+00
   6.1582214e-01   1.1971846e+00
   6.0729069e-01   1.2048920e+00
   6.2110609e-01   1.1993770e+00
   6.1601589e-01   1.1961163e+00
   6.1260572e-01   1.1970353e+00
   6.1035947e-01   1.2077373e+00
   6.0543313e-01   1.1974362e+00
  -6.6191569e-01   1.2068142e+00
  -6.5897828e-01   1.2042944e+00
  -6.6455247e-01   1.1601253e+00
  -6.6911443e-01   1.0903031e+00
  -6.7485675e-01   1.0004110e+00
  -6.7956018e-01   9.0589973e-01
  -6.6694069e-01   7.9095851e-01
  -6.7285950e-01   6.7962978e-01
  -6.7017207e-01   5.7685577e-01
  -6.6232283e-01   4.7222508e-01
  -6.7397652e-01   3.6478455e-01
  -6.6056679e-01   2.6713142e-01
  -6.7993409e-01   1.7096570e-01
  -6.6193042e-01   8.2929985e-02
  -6.7544926e-01   2.1823831e-04
  -6.6204513e-01  -8.2425344e-02
  -6.6872937e-01  -1.4653827e-01
  -6.6051102e-01  -2.0503615e-01
  -6.7329026e-01  -2.6661245e-01
  -6.7518845e-01  -3.2021797e-01
  -6.5774495e-01  -3.7290446e-01
  -6.8013504e-01  -4.1458338e-01
  -6.6810762e-01  -4.5450756e-01
  -6.7556847e-01  -4.9219066e-01
  -6.5922968e-01  -5.2768953e-01
  -6.6707477e-01  -5.6986149e-01
  -6.5908165e-01  -5.9528779e-01
  -6.8067014e-01  -6.1671727e-01
  -6.7218761e-01  -6.3926408e-01
  -6.6523703e-01  -6.6208033e-01
  -6.6983449e-01  -6.7709725e-01
  -6.7629174e-01  -7.0087662e-01
  -6.5943584e-01  -7.1144667e-01
  -6.6477132e-01  -7.2572225e-01
  -6.5857271e-01  -7.3859926e-01
  -6.7714442e-01  -7.5159397e-01
  -6.7300780e-01  -7.5740213e-01
  -6.6835528e-01  -7.7050676e-01
  -6.7346273e-01  -7.8263261e-01
  -6.6025446e-01  -7.7850692e-01
  -6.6349715e-01  -7.8537019e-01
  -6.6103084e-01  -8.0234590e-01
  -6.6740176e-01  -8.0309387e-01
  -6.7239428e-01  -8.1084740e-01
  -6.7829965e-01  -8.0908035e-01
  -6.7966461e-01  -8.2138803e-01
  -6.7303480e-01  -8.2415401e-01
  -6.6228926e-01  -8.2128861e-01
  -6.6025778e-01  -8.2689108e-01
  -6.7764579e-01  -8.3017798e-01
  -6.6207249e-01  -8.2763081e-01
  -6.6813613e-01  -8.3305623e-01
  -6.6793015e-01  -8.3980340e-01
  -6.7866261e-01  -8.3004993e-01
  -6.6773190e-01  -8.3881382e-01
  -6.7036096e-01  -8.3417270e-01
  -6.5706111e-01  -8.3288913e-01
  -6.6109064e-01  -8.4578855e-01
  -6.7677704e-01  -8.3874851e-01
  -6.7069712e-01  -8.4836925e-01
  -6.6448832e-01  -8.4827181e-01
  -6.5937319e-01  -8.3675255e-01
  -6.6738384e-01  -8.5017600e-01
  -6.6998512e-01  -8.4366700e-01
  -6.5792216e-01  -8.5020555e-01
  -6.7877482e-01  -8.5075405e-01
  -6.6843992e-01  -8.5219126e-01
  -6.7797644e-01  -8.4511419e-01
  -6.6033587e-01  -8.4405183e-01
  -4.9869940e-01  -8.4310445e-01
  -4.8647192e-01  -8.4298978e-01
  -4.9652450e-01  -8.4394163e-01
  -4.8590983e-01  -8.2968012e-01
  -4.9990080e-01  -8.0547298e-01
  -4.8750166e-01  -7.9434056e-01
  -4.9569081e-01  -7.7982449e-01
  -5.0846249e-01  -7.4917611e-01
  -5.0381431e-01  -7.2995849e-01
  -5.0166937e-01  -7.2101775e-01
  -5.0383890e-01  -6.9229365e-01
  -5.0532601e-01  -6.8486469e-01
  -4.9020841e-01  -6.6272679e-01
  -4.9697916e-01  -6.4886342e-01
  -5.0096059e-01  -6.3873878e-01
  -5.0068922e-01  -6.1570031e-01
  -4.9778913e-01  -6.0772036e-01
  -5.0935348e-01  -5.9503196e-01
  -4.9835892e-01  -5.8280414e-01
  -4.8851187e-01  -5.6823607e-01
  -5.0930989e-01  -5.6403705e-01
  -5.0193080e-01  -5.5940020e-01
  -5.0731490e-01  -5.5060333e-01
  -4.9802044e-01  -5.3776603e-01
  -5.0423397e-01  -5.3349192e-01
  -4.9965954e-01  -5.3709078e-01
  -4.8724820e-01  -5.2086367e-01
  -5.0120490e-01  -5.2202736e-01
  -5.0330648e-01  -5.2163194e-01
  -4.8687029e-01  -5.1261975e-01
  -5.0641162e-01  -5.0394706e-01
  -5.0179863e-01  -5.1312554e-01
  -4.9808032e-01  -5.0951523e-01
  -5.0415259e-01  -4.9597888e-01
  -4.9189445e-01  -5.0551742e-01
  -5.0301285e-01  -4.9133628e-01
  -4.9920093e-01  -4.9277298e-01
  -4.9929158e-01  -4.9531131e-01
  -4.8620253e-01  -4.9906094e-01
  -4.9053350e-01  -4.8915581e-01
  -4.9500179e-01  -4.9594653e-01
  -5.0819596e-01  -4.8874392e-01
  -4.9067790e-01  -4.9128846e-01
  -4.9305111e-01  -4.8480766e-01
  -4.9641156e-01  -4.8647031e-01
  -5.0475414e-01  -4.8504079e-01
  -4.9763710e-01  -4.8781085e-01
  -5.0583069e-01  -4.8646768e-01
  -4.9074608e-01  -4.7775879e-01
  -4.9263198e-01  -4.7778220e-01
  -5.0478987e-01  -4.7629382e-01
  -4.9277246e-01  -4.8170657e-01
  -5.0908408e-01  -4.7634813e-01
  -5.0140074e-01  -4.8405557e-01
  -4.9347639e-01  -4.7692043e-01
  -4.9165471e-01  -4.8712276e-01
  -4.9752343e-01  -4.8394571e-01
  -4.9852331e-01  -4.8623173e-01
  -4.9954640e-01  -4.7858916e-01
  -4.8766436e-01  -4.8578541e-01
  -4.9892016e-01  -4.7988602e-01
  -5.0932503e-01  -4.7602610e-01
  -4.8592976e-01  -4.7341883e-01
  -4.9442381e-01  -4.8428105e-01
  -4.8952160e-01  -4.7494951e-01
  -4.9017849e-01  -4.7516764e-01
  -5.0567682e-01  -4.7527757e-01
  -4.8964419e-01  -4.7556097e-01
  -5.0511367e-01  -4.7921907e-01
  -9.0217957e-01  -4.8467865e-01
  -9.1245044e-01  -4.7832062e-01
  -8.9854915e-01  -5.0725906e-01
  -9.1062295e-01  -5.5734453e-01
  -9.1757706e-01  -6.2103510e-01
  -9.1494910e-01  -6.9749926e-01
  -9.0202412e-01  -7.6599971e-01
  -9.1514893e-01  -8.5440313e-01
  -9.0636637e-01  -9.2485471e-01
  -9.1692794e-01  -1.0142578e+00
  -9.1809713e-01  -1.0868968e+00
  -9.1295669e-01  -1.1598755e+00
  -9.1287635e-01  -1.2149732e+00
  -8.9860427e-01  -1.2830277e+00
  -9.0347715e-01  -1.3441227e+00
  -9.1904887e-01  -1.4039682e+00
  -9.1210277e-01  -1.4494568e+00
  -9.1058493e-01  -1.4940832e+00
  -9.1231777e-01  -1.5379060e+00
  -9.2001487e-01  -1.5727487e+00
  -9.0841069e-01  -1.6116827e+00
  -9.1070805e-01  -1.6459253e+00
  -9.1711636e-01  -1.6769977e+00
  -9.0949628e-01  -1.7068720e+00
  -8.9873114e-01  -1.7199864e+00
  -9.2027237e-01  -1.7467477e+00
  -9.0471020e-01  -1.7692415e+00
  -9.1503090e-01  -1.7804562e+00
  -9.0858361e-01  -1.8022941e+00
  -8.9999146e-01  -1.8227963e+00
  -9.0960071e-01  -1.8334195e+00
  -9.0363102e-01  -1.8382287e+00
  -9.1604575e-01  -1.8461821e+00
  -9.0595759e-01  -1.8664923e+00
  -9.0635523e-01  -1.8651277e+00
  -9.0724447e-01  -1.8753160e+00
  -9.1955459e-01  -1.8798843e+00
  -8.9769181e-01  -1.8933646e+00
  -9.0828064e-01  -1.8960709e+00
  -8.9995248e-01  -1.9086787e+00
  -9.1492774e-01  -1.9048149e+00
  -9.0103961e-01  -1.9184083e+00
  -9.0926120e-01  -1.9209226e+00
  -9.1549403e-01  -1.9245991e+00
  -9.1412676e-01  -1.9302788e+00
  -8.9904324e-01  -1.9302307e+00
  -9.0960900e-01  -1.9245656e+00
  -9.0491859e-01  -1.9271314e+00
  -9.1073237e-01  -1.9379668e+00
  -9.1136606e-01  -1.9406951e+00
  -9.0634834e-01  -1.9343532e+00
  -9.1595302e-01  -1.9452187e+00
  -9.1398297e-01  -1.9464645e+00
  -9.1014942e-01  -1.9418825e+00
  -9.0125577e-01  -1.9461042e+00
  -9.0134466e-01  -1.9437504e+00
  -9.0089120e-01  -1.9384487e+00
  -9.0970552e-01  -1.9427575e+00
  -9.1761556e-01  -1.9429720e+00
  -9.0651798e-01  -1.9467540e+00
  -9.1536206e-01  -1.9479384e+00
  -9.0488527e-01  -1.9498658e+00
  -9.1507461e-01  -1.9471106e+00
  -9.0773713e-01  -1.9443624e+00
  -9.0048785e-01  -1.9460101e+00
  -9.1636820e-01  -1.9465429e+00
  -9.1519689e-01  -1.9517781e+00
  -9.0100840e-01  -1.9430953e+00
  -9.0062624e-01  -1.9556870e+00
   8.8142882e-01  -1.9516279e+00
   8.8194672e-01  -1.9497553e+00
   8.9976002e-01  -1.8687985e+00
   8.8020910e-01  -1.7409820e+00
   9.0272029e-01  -1.5881682e+00
   8.8859136e-01  -1.4011311e+00
   8.8276146e-01  -1.1978284e+00
   8.9508456e-01  -1.0000148e+00
   8.8819207e-01  -7.8883056e-01
   8.8068336e-01  -5.9995052e-01
   9.0093316e-01  -4.0980367e-01
   8.9088665e-01  -2.2351563e-01
   8.8771257e-01  -5.8184540e-02
   8.8788551e-01   1.0587835e-01
   8.8586663e-01   2.5528897e-01
   8.9518677e-01   3.9836041e-01
   8.9172581e-01   5.2410384e-01
   8.8905003e-01   6.5161352e-01
   8.8750878e-01   7.5227649e-01
   9.0354519e-01   8.4877376e-01
   8.9027307e-01   9.4454599e-01
   8.8210055e-01   1.0330314e+00
   8.8751978e-01   1.1037694e+00
   8.8919121e-01   1.1681223e+00
   8.9821093e-01   1.2284196e+00
   8.9670296e-01   1.2869402e+00
   8.8881127e-01   1.3453165e+00
   8.9686315e-01   1.3942545e+00
   8.9476941e-01   1.4323114e+00
   8.9779853e-01   1.4750622e+00
   8.8607706e-01   1.4996935e+00
   8.9498101e-01   1.5286466e+00
   8.9241920e-01   1.5571645e+00
   8.9268546e-01   1.5930375e+00
   8.8748820e-01   1.6130396e+00
   8.9650794e-01   1.6259571e+00
   8.9362859e-01   1.6507972e+00
   8.9559371e-01   1.6628559e+00
   8.9143397e-01   1.6839450e+00
   8.9680782e-01   1.6959297e+00
   8.9760183e-01   1.7010951e+00
   8.8866387e-01   1.7155322e+00
   8.8680254e-01   1.7349353e+00
   8.9463994e-01   1.7391111e+00
   8.9087906e-01   1.7449144e+00
   8.8589628e-01   1.7491362e+00
   9.0355943e-01   1.7614944e+00
   8.8916490e-01   1.7690556e+00
   8.8937909e-01   1.7676237e+00
   8.8331925e-01   1.7745660e+00
   8.8445435e-01   1.7840386e+00
   9.0161852e-01   1.7878499e+00
   8.8231641e-01   1.7854220e+00
   8.9028907e-01   1.7853560e+00
   8.9825431e-01   1.7904455e+00
   8.9432461e-01   1.7905974e+00
   8.8238827e-01   1.7989567e+00
   8.9485613e-01   1.7962056e+00
   9.0126512e-01   1.7951431e+00
   8.8775155e-01   1.8010023e+00
   8.8136322e-01   1.8065896e+00
   9.0339130e-01   1.8118861e+00
   8.9224528e-01   1.8105961e+00
   8.8185189e-01   1.8047454e+00
   8.8238680e-01   1.8063201e+00
   9.0025761e-01   1.8135127e+00
   8.8936640e-01   1.8063148e+00
   8.8502120e-01   1.8146474e+00
   8.9401871e-01   1.8145628e+00
   5.3520158e-01   1.8114976e+00
   5.3429501e-01   1.8069900e+00
   5.3634938e-01   1.8002573e+00
   5.5389234e-01   1.7739033e+00
   5.3940375e-01   1.7403355e+00
   5.4492772e-01   1.6978451e+00
   5.4884843e-01   1.6504695e+00
   5.5061068e-01   1.6121634e+00
   5.4565375e-01   1.5735863e+00
   5.3878942e-01   1.5296691e+00
   5.3966307e-01   1.4956497e+00
   5.5120109e-01   1.4510074e+00
   5.4475074e-01   1.4163957e+00
   5.3799026e-01   1.3819151e+00
   5.3325662e-01   1.3532787e+00
   5.5237514e-01   1.3176212e+00
   5.4490533e-01   1.2938241e+00
   5.4524519e-01   1.2739109e+00
   5.3217550e-01   1.2514587e+00
   5.4186749e-01   1.2269028e+00
   5.4602192e-01   1.2128840e+00
   5.4695987e-01   1.1909654e+00
   5.5281916e-01   1.1753993e+00
   5.3891756e-01   1.1529989e+00
   5.3585353e-01   1.1531550e+00
   5.5197176e-01   1.1281061e+00
   5.4426393e-01   1.1191748e+00
   5.5426593e-01   1.1139278e+00
   5.5150358e-01   1.1099824e+00
   5.4906401e-01   1.1022678e+00
   5.5407378e-01   1.0952191e+00
   5.4129556e-01   1.0858106e+00
   5.5119950e-01   1.0713421e+00
   5.4440200e-01   1.0785266e+00
   5.5162016e-01   1.0733710e+00
   5.4168767e-01   1.0623964e+00
   5.3752309e-01   1.0549377e+00
   5.5209637e-01   1.0579217e+00
   5.5303614e-01   1.0537775e+00
   5.4643970e-01   1.0454984e+00
   5.4888348e-01   1.0415117e+00
   5.3646438e-01   1.0433975e+00
   5.3693045e-01   1.0424870e+00
   5.3172821e-01   1.0379186e+00
   5.3452871e-01   1.0335946e+00
   5.5031650e-01   1.0338453e+00
   5.5295539e-01   1.0312420e+00
   5.5073701e-01   1.0360847e+00
   5.3780830e-01   1.0317586e+00
   5.4569556e-01   1.0386123e+00
   5.3912229e-01   1.0315947e+00
   5.4028793e-01   1.0333099e+00
   5.4411631e-01   1.0243637e+00
   5.3619083e-01   1.0298994e+00
   5.3687315e-01   1.0357910e+00
   5.4864719e-01   1.0271675e+00
   5.4489475e-01   1.0249100e+00
   5.3911612e-01   1.0258909e+00
   5.4562290e-01   1.0239557e+00
   5.5261350e-01   1.0282373e+00
   5.4225692e-01   1.0211051e+00
   5.4132303e-01   1.0299138e+00
   5.3412221e-01   1.0243116e+00
   5.3859581e-01   1.0201284e+00
   5.5242427e-01   1.0206767e+00
   5.4730864e-01   1.0279217e+00
   5.3519945e-01   1.0268090e+00
   5.3161604e-01   1.0316498e+00
   5.4803632e-01   1.0304314e+00
   7.1645480e-01   1.0195026e+00
   7.0672536e-01   1.0207332e+00
   7.2013509e-01   1.0259531e+00
   7.0557361e-01   1.0501927e+00
   7.1797056e-01   1.0644264e+00
   7.1217182e-01   1.0829786e+00
   7.1666640e-01   1.1106219e+00
   7.1318003e-01   1.1347370e+00
   6.9953618e-01   1.1505225e+00
   7.1353397e-01   1.1689152e+00
   7.0888330e-01   1.1885110e+00
   7.1143175e-01   1.2109557e+00
   7.0198199e-01   1.2383827e+00
   7.0545445e-01   1.2463369e+00
   6.9828378e-01   1.2709682e+00
   7.2035229e-01   1.2757756e+00
   7.1014626e-01   1.2905851e+00
   7.1876507e-01   1.3104716e+00
   7.0844807e-01   1.3172090e+00
   7.1396762e-01   1.3355960e+00
   7.1510415e-01   1.3387685e+00
   7.0253180e-01   1.3521801e+00
   7.0872490e-01   1.3551193e+00
   7.1381239e-01   1.3703668e+00
   7.1122385e-01   1.3676259e+00
   7.1771085e-01   1.3849289e+00
   7.0621311e-01   1.3843675e+00
   7.1426516e-01   1.3886190e+00
   7.1572186e-01   1.3922394e+00
   7.0985357e-01   1.3937339e+00
   6.9869834e-01   1.4012285e+00
   7.1924300e-01   1.4026711e+00
   7.1899174e-01   1.4058801e+00
   7.1696869e-01   1.4139946e+00
   6.9921868e-01   1.4087874e+00
   7.1615879e-01   1.4133220e+00
   6.9779069e-01   1.4226744e+00
   7.0058563e-01   1.4171264e+00
   7.0479294e-01   1.4203241e+00
   7.0808197e-01   1.4205338e+00
   7.0488007e-01   1.4239093e+00
   7.0036012e-01   1.4320960e+00
   6.9977384e-01   1.4219145e+00
   7.1163018e-01   1.4289040e+00
   7.1519382e-01   1.4327916e+00
   6.9767051e-01   1.4355108e+00
   7.1443019e-01   1.4256657e+00
   6.9936493e-01   1.4350161e+00
   6.9847908e-01   1.4359696e+00
   7.1868058e-01   1.4323798e+00
   7.1489528e-01   1.4309639e+00
   7.0675278e-01   1.4272281e+00
   7.0367756e-01   1.4291394e+00
   7.0267976e-01   1.4353071e+00
   7.1171536e-01   1.4288497e+00
   7.0159188e-01   1.4324945e+00
   7.0222491e-01   1.4348538e+00
   7.0689919e-01   1.4297329e+00
   7.0684172e-01   1.4338749e+00
   7.1727951e-01   1.4426895e+00
   7.0717024e-01   1.4351740e+00
   7.1428352e-01   1.4410491e+00
   7.2003261e-01   1.4332157e+00
   7.0919025e-01   1.4373872e+00
   7.1489303e-01   1.4342941e+00
   6.9718341e-01   1.4414931e+00
   6.9920514e-01   1.4409597e+00
   6.9802014e-01   1.4302014e+00
   7.2041984e-01   1.4404280e+00
   1.0628484e-01   1.4360300e+00
   1.0243616e-01   1.4374702e+00
   9.9981047e-02   1.4083639e+00
   9.6254857e-02   1.3653555e+00
   8.3915107e-02   1.3029925e+00
   8.8847414e-02   1.2494157e+00
   9.1658928e-02   1.1772150e+00
   9.0556346e-02   1.1071289e+00
   9.5451588e-02   1.0363056e+00
   8.9140043e-02   9.6813617e-01
   1.0407017e-01   9.0091108e-01
   9.8917699e-02   8.3678685e-01
   8.3690802e-02   7.7027506e-01
   9.3984732e-02   7.1026299e-01
   9.4859413e-02   6.5738113e-01
   1.0289989e-01   6.1973563e-01
   9.0327048e-02   5.7189111e-01
   9.4179920e-02   5.3310102e-01
   9.4661857e-02   4.9321138e-01
   9.9642086e-02   4.5833015e-01
   1.0607996e-01   4.2171469e-01
   9.1457730e-02   3.9323219e-01
   9.3012094e-02   3.6249128e-01
   9.1367520e-02   3.4694568e-01
   9.1748785e-02   3.2572293e-01
   9.9639400e-02   3.0030323e-01
   9.2738874e-02   2.8370635e-01
   1.0436524e-01   2.6632292e-01
   8.6139011e-02   2.5145870e-01
   9.7024790e-02   2.3184745e-01
   8.2595920e-02   2.2874411e-01
   9.8652269e-02   2.1141623e-01
   1.0584178e-01   2.1204338e-01
   8.9006830e-02   2.0114230e-01
   9.7108959e-02   1.8283194e-01
   1.0597731e-01   1.7851056e-01
   1.0504861e-01   1.8111739e-01
   8.8768210e-02   1.7336073e-01
   9.6891598e-02   1.6983698e-01
   8.4873596e-02   1.6007940e-01
   1.0601501e-01   1.5791223e-01
   9.1084989e-02   1.5275073e-01
   1.0256279e-01   1.4962296e-01
   9.2872328e-02   1.4183185e-01
   8.9899743e-02   1.3763864e-01
   9.8294748e-02   1.4560891e-01
   9.6994226e-02   1.4162667e-01
   1.0489029e-01   1.3666947e-01
   8.3735836e-02   1.3006527e-01
   8.6868392e-02   1.3333317e-01
   1.0299755e-01   1.3516573e-01
   8.3223630e-02   1.2230881e-01
   8.7071273e-02   1.2284898e-01
   1.0030949e-01   1.3023795e-01
   1.0071325e-01   1.2029891e-01
   1.0610862e-01   1.2098372e-01
   9.8926833e-02   1.1709466e-01
   9.7343820e-02   1.2280879e-01
   9.3528464e-02   1.1891298e-01
   9.7411532e-02   1.2560118e-01
   1.0481951e-01   1.2427852e-01
   9.8581096e-02   1.2100323e-01
   1.0143142e-01   1.1589654e-01
   1.0062250e-01   1.2619577e-01
   8.7747202e-02   1.1747173e-01
   1.0339607e-01   1.1757344e-01
   9.7544044e-02   1.1678702e-01
   1.0276701e-01   1.1553938e-01
   1.0140630e-01   1.1781164e-01
  -9.4826604e-01   1.1307144e-01
  -9.4061896e-01   1.2331559e-01
  -9.4602197e-01   6.7595697e-02
  -9.3679741e-01  -7.4243500e-03
  -9.5107769e-01  -1.0609770e-01
  -9.5095748e-01  -2.1740439e-01
  -9.3794907e-01  -3.5279124e-01
  -9.5151882e-01  -4.7669470e-01
  -9.5346097e-01  -5.9647744e-01
  -9.4005170e-01  -7.2448306e-01
  -9.5153547e-01  -8.3816736e-01
  -9.4294290e-01  -9.4343588e-01
  -9.4740502e-01  -1.0523346e+00
  -9.5338157e-01  -1.1561560e+00
  -9.4087434e-01  -1.2462445e+00
  -9.3548909e-01  -1.3385770e+00
  -9.4482769e-01  -1.4158384e+00
  -9.5611700e-01  -1.4897545e+00
  -9.3593615e-01  -1.5506019e+00
  -9.3395801e-01  -1.6139178e+00
  -9.5075692e-01  -1.6754667e+00
  -9.3847944e-01  -1.7265246e+00
  -9.3772775e-01  -1.7699591e+00
  -9.3457880e-01  -1.8120156e+00
  -9.5620819e-01  -1.8487444e+00
  -9.3684628e-01  -1.8864501e+00
  -9.3914516e-01  -1.9207492e+00
  -9.3587534e-01  -1.9468442e+00
  -9.3826958e-01  -1.9763398e+00
  -9.4463840e-01  -1.9978153e+00
  -9.3527003e-01  -2.0188261e+00
  -9.3518086e-01  -2.0397862e+00
  -9.5211291e-01  -2.0562390e+00
  -9.4932761e-01  -2.0768163e+00
  -9.4687409e-01  -2.0892957e+00
  -9.4771356e-01  -2.0986579e+00
  -9.4590898e-01  -2.1062820e+00
  -9.5356974e-01  -2.1134080e+00
  -9.3533809e-01  -2.1249546e+00
  -9.3388483e-01  -2.1346810e+00
  -9.4201723e-01  -2.1505325e+00
  -9.4344144e-01  -2.1492000e+00
  -9.5629362e-01  -2.1596021e+00
  -9.4265134e-01  -2.1686396e+00
  -9.4954932e-01  -2.1664917e+00
  -9.5240609e-01  -2.1696934e+00
  -9.4030853e-01  -2.1796040e+00
  -9.5264195e-01  -2.1733919e+00
  -9.4442192e-01  -2.1812795e+00
  -9.4258058e-01  -2.1837454e+00
  -9.4668942e-01  -2.1911772e+00
  -9.4370408e-01  -2.1841641e+00
  -9.3917943e-01  -2.1937211e+00
  -9.4611969e-01  -2.1975255e+00
  -9.3484667e-01  -2.1941883e+00
  -9.5256834e-01  -2.1992377e+00
  -9.4270492e-01  -2.1945598e+00
  -9.4124867e-01  -2.1942167e+00
  -9.5737997e-01  -2.2042893e+00
  -9.3935094e-01  -2.2097595e+00
  -9.5110873e-01  -2.2074925e+00
  -9.5672252e-01  -2.2119135e+00
  -9.5195780e-01  -2.2123942e+00
  -9.4878354e-01  -2.2002884e+00
  -9.3599664e-01  -2.2110479e+00
  -9.4202066e-01  -2.2056557e+00
  -9.3661655e-01  -2.2119988e+00
  -9.3781252e-01  -2.2129627e+00
  -9.4418372e-01  -2.2062878e+00
  -8.4846620e-01  -2.2124484e+00
  -8.5683862e-01  -2.2113155e+00
  -8.5009410e-01  -2.1993585e+00
  -8.5044341e-01  -2.1806973e+00
  -8.4610960e-01  -2.1503864e+00
  -8.4621881e-01  -2.1246466e+00
  -8.6287845e-01  -2.0913639e+00
  -8.4912317e-01  -2.0588890e+00
  -8.6284742e-01  -2.0369014e+00
  -8.5093398e-01  -1.9981447e+00
  -8.5176682e-01  -1.9679179e+00
  -8.6225729e-01  -1.9495198e+00
  -8.5701797e-01  -1.9244833e+00
  -8.6014265e-01  -1.8861744e+00
  -8.4503742e-01  -1.8744572e+00
  -8.6718976e-01  -1.8452254e+00
  -8.5619522e-01  -1.8259623e+00
  -8.4897654e-01  -1.8037926e+00
  -8.4449800e-01  -1.7938751e+00
  -8.6636716e-01  -1.7726900e+00
  -8.4373206e-01  -1.7663075e+00
  -8.4606984e-01  -1.7467107e+00
  -8.4676347e-01  -1.7383307e+00
  -8.4517852e-01  -1.7238896e+00
  -8.4614769e-01  -1.7197425e+00
  -8.6050338e-01  -1.7139808e+00
  -8.6677718e-01  -1.7056952e+00
  -8.6443521e-01  -1.6897557e+00
  -8.5070916e-01  -1.6833803e+00
  -8.6124581e-01  -1.6817646e+00
  -8.5681403e-01  -1.6722093e+00
  -8.5345933e-01  -1.6693996e+00
  -8.6401012e-01  -1.6726383e+00
  -8.6249770e-01  -1.6581272e+00
  -8.6229758e-01  -1.6579922e+00
  -8.4656910e-01  -1.6586663e+00
  -8.5161780e-01  -1.6509283e+00
  -8.6438917e-01  -1.6534919e+00
  -8.5332774e-01  -1.6535580e+00
  -8.5425111e-01  -1.6414044e+00
  -8.4674192e-01  -1.6448798e+00
  -8.6560587e-01  -1.6468918e+00
  -8.5719164e-01  -1.6428799e+00
  -8.4590290e-01  -1.6427278e+00
  -8.6473714e-01  -1.6463040e+00
  -8.4543691e-01  -1.6402562e+00
  -8.5056088e-01  -1.6420308e+00
  -8.5660816e-01  -1.6360590e+00
  -8.6288344e-01  -1.6412112e+00
  -8.5446204e-01  -1.6371974e+00
  -8.4808459e-01  -1.6332220e+00
  -8.6545085e-01  -1.6376880e+00
  -8.5075185e-01  -1.6329424e+00
  -8.5429982e-01  -1.6389825e+00
  -8.5094246e-01  -1.6275650e+00
  -8.5460940e-01  -1.6292405e+00
  -8.5682098e-01  -1.6349773e+00
  -8.5662004e-01  -1.6316215e+00
  -8.5817002e-01  -1.6327900e+00
  -8.6029842e-01  -1.6250132e+00
  -8.5461064e-01  -1.6364853e+00
  -8.6625794e-01  -1.6365506e+00
  -8.4612295e-01  -1.6298326e+00
  -8.5553373e-01  -1.6346877e+00
  -8.4673356e-01  -1.6287067e+00
  -8.4353036e-01  -1.6241317e+00
  -8.5946182e-01  -1.6268323e+00
  -8.6228698e-01  -1.6306873e+00
  -8.4719711e-01  -1.6333299e+00
  -5.5229880e-01  -1.6297463e+00
  -5.6257051e-01  -1.6258537e+00
  -5.7054807e-01  -1.6119346e+00
  -5.7164622e-01  -1.5706940e+00
  -5.6099086e-01  -1.5256802e+00
  -5.5114966e-01  -1.4746740e+00
  -5.6460460e-01  -1.4149113e+00
  -5.5400439e-01  -1.3707998e+00
  -5.7021330e-01  -1.3130454e+00
  -5.6148212e-01  -1.2520071e+00
  -5.6089421e-01  -1.1977833e+00
  -5.5646721e-01  -1.1557772e+00
  -5.6013851e-01  -1.1052601e+00
  -5.5832421e-01  -1.0537709e+00
  -5.4836117e-01  -1.0129573e+00
  -5.6949033e-01  -9.7950733e-01
  -5.7168791e-01  -9.3979390e-01
  -5.6383503e-01  -9.0632893e-01
  -5.6178353e-01  -8.7590766e-01
  -5.6764404e-01  -8.6056412e-01
  -5.6595650e-01  -8.2943511e-01
  -5.6102147e-01  -8.0349386e-01
  -5.6986902e-01  -7.8417963e-01
  -5.6927762e-01  -7.6036947e-01
  -5.5393899e-01  -7.5498157e-01
  -5.6370381e-01  -7.3081943e-01
  -5.6382959e-01  -7.1272449e-01
  -5.6736091e-01  -7.0064629e-01
  -5.6370612e-01  -6.9020476e-01
  -5.6133594e-01  -6.8526531e-01
  -5.7085683e-01  -6.7779569e-01
  -5.6588851e-01  -6.6677674e-01
  -5.4981113e-01  -6.6353123e-01
  -5.5205815e-01  -6.4703368e-01
  -5.5320472e-01  -6.4608610e-01
  -5.5822626e-01  -6.4108490e-01
  -5.5763776e-01  -6.3771388e-01
  -5.6478737e-01  -6.2563861e-01
  -5.6111871e-01  -6.2792743e-01
  -5.7176044e-01  -6.1652909e-01
  -5.4836906e-01  -6.1477546e-01
  -5.6874541e-01  -6.0894871e-01
  -5.6254662e-01  -6.1575954e-01
  -5.7017330e-01  -6.1308972e-01
  -5.5505301e-01  -6.0983024e-01
  -5.6055381e-01  -6.0202514e-01
  -5.6447585e-01  -6.0443169e-01
  -5.5840810e-01  -5.9701554e-01
  -5.5515725e-01  -6.0632391e-01
  -5.5693811e-01  -5.9850141e-01
  -5.5822273e-01  -5.9890579e-01
  -5.6884531e-01  -5.9001441e-01
  -5.4955590e-01  -5.9381239e-01
  -5.7208146e-01  -5.9880243e-01
  -5.5667811e-01  -5.9143325e-01
  -5.5815148e-01  -5.9198685e-01
  -5.6248903e-01  -5.9320889e-01
  -5.6618898e-01  -5.9772064e-01
  -5.5069191e-01  -5.9297185e-01
  -5.5506061e-01  -5.9088177e-01
  -5.6447782e-01  -5.8652507e-01
  -5.6845346e-01  -5.9003103e-01
  -5.6592692e-01  -5.9332970e-01
  -5.6554807e-01  -5.9128961e-01
  -5.5896877e-01  -5.9586470e-01
  -5.6778272e-01  -5.8865149e-01
  -5.6634134e-01  -5.9475901e-01
  -5.6969335e-01  -5.8506934e-01
  -5.7209952e-01  -5.8394437e-01
  -6.9517001e-01  -5.9462258e-01
  -6.9807816e-01  -5.8910878e-01
  -7.1335333e-01  -5.9758214e-01
  -6.9954037e-01  -6.0310226e-01
  -7.0935010e-01  -6.2322434e-01
  -7.1674616e-01  -6.4431620e-01
  -7.0069268e-01  -6.6256165e-01
  -7.1152298e-01  -6.8757532e-01
  -7.0043954e-01  -6.9818496e-01
  -6.9621195e-01  -7.1985433e-01
  -7.0368900e-01  -7.3714791e-01
  -6.9544267e-01  -7.5540532e-01
  -7.0583069e-01  -7.8465232e-01
  -7.0485340e-01  -8.0061721e-01
  -6.9697226e-01  -8.1290808e-01
  -7.0492916e-01  -8.2774885e-01
  -6.9580804e-01  -8.3229683e-01
  -7.1212235e-01  -8.5188026e-01
  -6.9709622e-01  -8.5674233e-01
  -7.0827777e-01  -8.6459374e-01
  -6.9950714e-01  -8.8424817e-01
  -7.0980119e-01  -8.8630187e-01
  -7.0478454e-01  -8.9499558e-01
  -7.0067645e-01  -9.0669418e-01
  -7.0197582e-01  -9.0208753e-01
  -7.1734638e-01  -9.1739137e-01
  -6.9642884e-01  -9.1114177e-01
  -7.0219230e-01  -9.2744488e-01
  -6.9993868e-01  -9.2563547e-01
  -7.1582216e-01  -9.3244988e-01
  -6.9615479e-01  -9.3339063e-01
  -7.0591937e-01  -9.3346578e-01
  -7.0088993e-01  -9.4227266e-01
  -7.1683586e-01  -9.4398581e-01
  -7.0060621e-01  -9.4945202e-01
  -7.1258025e-01  -9.4259261e-01
  -7.0180459e-01  -9.4437272e-01
  -7.1542084e-01  -9.4670123e-01
  -6.9427450e-01  -9.5765561e-01
  -7.1086757e-01  -9.5396268e-01
  -7.0731221e-01  -9.4866105e-01
  -7.0721428e-01  -9.5595567e-01
  -6.9616319e-01  -9.5146302e-01
  -7.0517563e-01  -9.6212803e-01
  -7.1335637e-01  -9.6027155e-01
  -6.9608516e-01  -9.5575644e-01
  -6.9441790e-01  -9.6424467e-01
  -7.0708431e-01  -9.6569224e-01
  -7.0359506e-01  -9.5459277e-01
  -7.0019515e-01  -9.5489813e-01
  -7.0227250e-01  -9.5920921e-01
  -7.0677213e-01  -9.6789690e-01
  -7.0936500e-01  -9.5846532e-01
  -6.9864150e-01  -9.6288565e-01
  -6.9383234e-01  -9.6271321e-01
  -7.0862693e-01  -9.7026913e-01
  -6.9922399e-01  -9.5743199e-01
  -7.0028912e-01  -9.5814997e-01
  -7.1255189e-01  -9.5763871e-01
  -7.1436202e-01  -9.6007859e-01
  -7.0754143e-01  -9.6616699e-01
  -7.1392718e-01  -9.7004686e-01
  -7.1419846e-01  -9.5805910e-01
  -7.0534459e-01  -9.6833612e-01
  -7.1703211e-01  -9.6648086e-01
  -7.0460649e-01  -9.5983036e-01
  -6.9695105e-01  -9.6103984e-01
  -6.9427319e-01  -9.6842663e-01
  -7.1452844e-01  -9.6410439e-01
   9.0469765e-01  -9.6716916e-01
   9.2488005e-01  -9.6671414e-01
   9.1335528e-01  -9.0574493e-01
   9.1789117e-01  -8.0607239e-01
   9.0364202e-01  -6.8822789e-01
   9.1675674e-01  -5.4624441e-01
   9.2015573e-01  -4.0974427e-01
   9.1519875e-01  -2.4784386e-01
   9.2118161e-01  -1.0304640e-01
   9.0903622e-01   4.9341786e-02
   9.2553199e-01   1.8592575e-01
   9.1777903e-01   3.2877368e-01
   9.1854976e-01   4.6147616e-01
   9.0611780e-01   5.8041753e-01
   9.0398205e-01   6.8799514e-01
   9.2047858e-01   7.9669733e-01
   9.2018367e-01   8.9147597e-01
   9.1847904e-01   9.7774874e-01
   9.1916121e-01   1.0629269e+00
   9.0513616e-01   1.1308525e+00
   9.2411660e-01   1.2069152e+00
   9.0792459e-01   1.2651943e+00
   9.2327869e-01   1.3195131e+00
   9.2557803e-01   1.3777112e+00
   9.1109210e-01   1.4185484e+00
   9.0675319e-01   1.4568191e+00
   9.1647802e-01   1.4973434e+00
   9.2204515e-01   1.5270457e+00
   9.0726186e-01   1.5603308e+00
   9.2307293e-01   1.5899646e+00
   9.1638847e-01   1.6227570e+00
   9.2433951e-01   1.6490091e+00
   9.1965215e-01   1.6664067e+00
   9.2518492e-01   1.6808887e+00
   9.1780005e-01   1.6952874e+00
   9.1263826e-01   1.7148256e+00
   9.2293163e-01   1.7324624e+00
   9.2279144e-01   1.7463273e+00
   9.1788971e-01   1.7480149e+00
   9.2129096e-01   1.7579001e+00
   9.1945103e-01   1.7741734e+00
   9.0566271e-01   1.7862084e+00
   9.0686172e-01   1.7879973e+00
   9.1060537e-01   1.7978310e+00
   9.2467179e-01   1.8018399e+00
   9.2156901e-01   1.8027304e+00
   9.2066337e-01   1.8061562e+00
   9.0745187e-01   1.8197856e+00
   9.2672203e-01   1.8243905e+00
   9.1862160e-01   1.8252317e+00
   9.1623577e-01   1.8211213e+00
   9.1508975e-01   1.8338510e+00
   9.2569357e-01   1.8320440e+00
   9.2558009e-01   1.8367067e+00
   9.0472733e-01   1.8353134e+00
   9.1674993e-01   1.8361978e+00
   9.0499880e-01   1.8413699e+00
   9.1927546e-01   1.8464911e+00
   9.1831462e-01   1.8391763e+00
   9.0905829e-01   1.8368243e+00
   9.1178841e-01   1.8431851e+00
   9.2734015e-01   1.8458237e+00
   9.2471986e-01   1.8497682e+00
   9.1462121e-01   1.8505314e+00
   9.2386578e-01   1.8495330e+00
   9.2172755e-01   1.8422023e+00
   9.1464276e-01   1.8547218e+00
   9.2172631e-01   1.8439427e+00
   9.1905677e-01   1.8484973e+00
  -3.3979653e-01   1.8533856e+00
  -3.2909312e-01   1.8530639e+00
  -3.3226071e-01   1.8041260e+00
  -3.3832063e-01   1.7397945e+00
  -3.3366697e-01   1.6366349e+00
  -3.2245511e-01   1.5371431e+00
  -3.3249186e-01   1.4186458e+00
  -3.3879076e-01   1.3164303e+00
  -3.3869470e-01   1.1933584e+00
  -3.4025538e-01   1.0774592e+00
  -3.3415413e-01   9.7522218e-01
  -3.4475296e-01   8.6891888e-01
  -3.3308834e-01   7.7882593e-01
  -3.2764176e-01   6.8782783e-01
  -3.3570817e-01   5.9340095e-01
  -3.3503413e-01   5.1974621e-01
  -3.3900414e-01   4.4817076e-01
  -3.4175824e-01   3.7411087e-01
  -3.2622375e-01   3.1293249e-01
  -3.3942521e-01   2.5236306e-01
  -3.4333725e-01   2.0205911e-01
  -3.2520737e-01   1.5293689e-01
  -3.4161849e-01   1.2265187e-01
  -3.4552579e-01   7.1187274e-02
  -3.3071053e-01   4.0433882e-02
  -3.4485559e-01   8.1583535e-03
  -3.2222221e-01  -1.4657508e-02
  -3.2454770e-01  -5.0066032e-02
  -3.3777358e-01  -6.6951442e-02
  -3.2408564e-01  -9.7714666e-02
  -3.2969744e-01  -1.1282821e-01
  -3.2569300e-01  -1.2669717e-01
  -3.2208996e-01  -1.4324783e-01
  -3.3823954e-01  -1.6493043e-01
  -3.3109485e-01  -1.7653385e-01
  -3.4058808e-01  -1.8632738e-01
  -3.2621400e-01  -1.9497825e-01
  -3.3005636e-01  -2.0398296e-01
  -3.4175543e-01  -2.0752179e-01
  -3.2991867e-01  -2.1823224e-01
  -3.3144177e-01  -2.2868245e-01
  -3.2490820e-01  -2.2650646e-01
  -3.4165237e-01  -2.4472005e-01
  -3.2211837e-01  -2.4648754e-01
  -3.2736799e-01  -2.5319106e-01
  -3.4283519e-01  -2.5907260e-01
  -3.2358056e-01  -2.5379921e-01
  -3.2366982e-01  -2.6675734e-01
  -3.2621672e-01  -2.5951871e-01
  -3.2516561e-01  -2.6321935e-01
  -3.3271571e-01  -2.6542544e-01
  -3.4365356e-01  -2.7010879e-01
  -3.4244727e-01  -2.7664315e-01
  -3.4186155e-01  -2.7881876e-01
  -3.3834296e-01  -2.7014458e-01
  -3.3758078e-01  -2.8012998e-01
  -3.3956951e-01  -2.8019933e-01
  -3.3536271e-01  -2.8557123e-01
  -3.3392559e-01  -2.7769012e-01
  -3.4518283e-01  -2.8168575e-01
  -3.3377286e-01  -2.8854278e-01
  -3.4330761e-01  -2.8413907e-01
  -3.2574642e-01  -2.8382329e-01
  -3.2863799e-01  -2.8352729e-01
  -3.4064286e-01  -2.8920601e-01
  -3.3582701e-01  -2.8951193e-01
  -3.3148782e-01  -2.7909292e-01
  -3.2241993e-01  -2.9177646e-01
  -3.3596155e-01  -2.8553129e-01
   9.4422998e-02  -2.8642158e-01
   1.0021923e-01  -2.8542625e-01
   1.1244178e-01  -2.7729355e-01
   9.8316373e-02  -2.7185111e-01
   1.0517810e-01  -2.5123411e-01
   9.2712529e-02  -2.2136456e-01
   1.0371616e-01  -2.0264651e-01
   9.6645277e-02  -1.8262760e-01
   9.5545161e-02  -1.5792613e-01
   1.0057705e-01  -1.3645858e-01
   1.0008793e-01  -1.2216374e-01
   1.1548269e-01  -9.7596509e-02
   1.1259147e-01  -7.1443101e-02
   9.8760368e-02  -5.4899870e-02
   1.0756503e-01  -4.5062293e-02
   9.7879423e-02  -3.4403779e-02
   1.1190850e-01  -1.7411464e-02
   1.0134504e-01  -7.4068344e-03
   9.1857171e-02   6.6892481e-03
   9.6685287e-02   2.1424265e-02
   9.4450365e-02   3.3587056e-02
   9.7951232e-02   3.8015909e-02
   9.3809300e-02   5.3611041e-02
   1.0556971e-01   6.4116708e-02
   1.0483548e-01   6.5576595e-02
   1.0118402e-01   6.6268261e-02
   1.1247239e-01   7.4499525e-02
   9.6632840e-02   7.8133826e-02
   1.0611057e-01   9.0046042e-02
   1.0486149e-01   8.8757175e-02
   1.0753570e-01   1.0053445e-01
   1.0228605e-01   9.6942735e-02
   1.1194859e-01   9.9654531e-02
   9.8293491e-02   1.0101792e-01
   1.0380290e-01   1.0511553e-01
   1.0318073e-01   1.0158766e-01
   1.1414898e-01   1.1291519e-01
   1.1233189e-01   1.0721868e-01
   9.6552548e-02   1.0914719e-01
   1.0221898e-01   1.1967565e-01
   9.3657740e-02   1.1453222e-01
   1.0861882e-01   1.1152477e-01
   1.0147954e-01   1.1386352e-01
   1.1393366e-01   1.2063400e-01
   1.0624270e-01   1.2561513e-01
   1.1379521e-01   1.1573549e-01
   9.5856404e-02   1.2446913e-01
   9.7138057e-02   1.1578054e-01
   9.3122454e-02   1.2529451e-01
   9.3371305e-02   1.1816196e-01
   1.1448798e-01   1.2759715e-01
   1.0957422e-01   1.2851073e-01
   1.0121295e-01   1.3029960e-01
   1.0514982e-01   1.2427982e-01
   1.1449499e-01   1.2362833e-01
   9.4969531e-02   1.2233329e-01
   1.0219199e-01   1.3186940e-01
   1.0398700e-01   1.2517461e-01
   1.0454833e-01   1.3222598e-01
   1.0000478e-01   1.2613055e-01
   1.1127151e-01   1.3075227e-01
   9.8620659e-02   1.2375573e-01
   9.8144784e-02   1.3331154e-01
   9.6872499e-02   1.2310415e-01
   1.0814680e-01   1.2261822e-01
   1.0246845e-01   1.3075892e-01
   1.0845560e-01   1.2797713e-01
   9.3084808e-02   1.2202221e-01
   1.0138521e-01   1.3293798e-01
  -9.9425403e-02   1.2280161e-01
  -9.4474800e-02   1.3275518e-01
  -1.0726087e-01   1.2305223e-01
  -1.0370799e-01   1.1370010e-01
  -9.9265209e-02   1.0389253e-01
  -1.0741473e-01   8.8884532e-02
  -1.0433026e-01   7.8424028e-02
  -1.1325043e-01   7.4003963e-02
  -1.0462385e-01   5.6160746e-02
  -9.3601704e-02   3.9556502e-02
  -9.1556592e-02   2.7957484e-02
  -9.6673448e-02   2.2486469e-02
  -1.0003899e-01   1.0117922e-02
  -1.1136256e-01   3.1767784e-03
  -9.6046276e-02  -3.4150827e-03
  -1.0844450e-01  -1.0405631e-02
  -1.0450228e-01  -1.5889363e-02
  -1.0976523e-01  -2.6359036e-02
  -9.3481748e-02  -3.3032360e-02
  -1.0382435e-01  -3.6726556e-02
  -9.2906880e-02  -4.1776306e-02
  -1.1041440e-01  -5.4146387e-02
  -9.7010757e-02  -6.1643128e-02
  -9.9232559e-02  -6.4835665e-02
  -1.1307459e-01  -6.5167079e-02
  -1.0279145e-01  -6.5457487e-02
  -1.1305422e-01  -6.7956796e-02
  -1.1313229e-01  -8.2032464e-02
  -9.1496294e-02  -8.2072444e-02
  -9.5701967e-02  -8.3772754e-02
  -9.1726568e-02  -8.8098373e-02
  -1.0423494e-01  -8.2004266e-02
  -1.0693985e-01  -8.5625255e-02
  -9.6520441e-02  -8.9559481e-02
  -1.0455408e-01  -9.5379516e-02
  -1.0029597e-01  -8.7914734e-02
  -1.1166532e-01  -9.4429799e-02
  -1.0330555e-01  -8.6421404e-02
  -9.3606036e-02  -8.9401840e-02
  -9.6058966e-02  -9.6835747e-02
  -9.4926846e-02  -9.1495467e-02
  -1.0684280e-01  -9.2999667e-02
  -9.5200865e-02  -9.5781721e-02
  -9.5357278e-02  -9.5406079e-02
  -1.1180196e-01  -9.8347637e-02
  -9.6735752e-02  -9.5033294e-02
  -9.5261193e-02  -1.0147515e-01
  -9.8592644e-02  -9.9427034e-02
  -1.0315270e-01  -9.6059916e-02
  -1.0742762e-01  -9.7523954e-02
  -9.3870700e-02  -9.4302914e-02
  -1.0142234e-01  -9.6944906e-02
  -1.1189937e-01  -1.0006775e-01
  -9.4113477e-02  -9.8207161e-02
  -1.1495758e-01  -1.0014362e-01
  -9.2066687e-02  -9.9926966e-02
  -1.1208063e-01  -1.0287019e-01
  -1.1292191e-01  -1.0189429e-01
  -1.0843762e-01  -9.7884397e-02
  -1.1229973e-01  -1.0672634e-01
  -9.7747587e-02  -9.6801474e-02
  -1.1341642e-01  -9.9627314e-02
  -9.9384505e-02  -9.5608224e-02
  -9.8632328e-02  -1.0435535e-01
  -1.0016630e-01  -1.0426669e-01
  -9.1414831e-02  -1.0106980e-01
  -9.7494519e-02  -1.0003405e-01
  -9.9296981e-02  -9.6896539e-02
  -9.3300546e-02  -1.0379836e-01
   1.3698911e-01  -9.7907244e-02
   1.4861060e-01  -1.0635874e-01
   1.4683202e-01  -9.6753417e-02
   1.5366531e-01  -8.1560399e-02
   1.4490168e-01  -6.5762889e-02
   1.3814313e-01  -5.8214100e-02
   1.4943189e-01  -4.7447103e-02
   1.4654952e-01  -2.0441917e-02
   1.3878738e-01  -6.5648592e-03
   1.4417265e-01   1.5551872e-03
   1.4590790e-01   1.8532685e-02
   1.3734048e-01   3.7455840e-02
   1.4337516e-01   5.3251343e-02
   1.4232558e-01   5.8719193e-02
   1.4010975e-01   7.0965325e-02
   1.5331384e-01   8.7702751e-02
   1.5409648e-01   9.8160072e-02
   1.4550812e-01   1.0944710e-01
   1.4932745e-01   1.1699554e-01
   1.5258070e-01   1.1896544e-01
   1.4973258e-01   1.2129330e-01
   1.5101732e-01   1.3805396e-01
   1.3973114e-01   1.3847183e-01
   1.5077252e-01   1.4241084e-01
   1.5732236e-01   1.5613953e-01
   1.5753474e-01   1.5784525e-01
   1.3724242e-01   1.6353578e-01
   1.6030638e-01   1.6669798e-01
   1.5285259e-01   1.6651174e-01
   1.5347568e-01   1.6405920e-01
   1.4711617e-01   1.7202926e-01
   1.4041634e-01   1.7965966e-01
   1.3777064e-01   1.7199603e-01
   1.3802455e-01   1.7212136e-01
   1.4665472e-01   1.8274694e-01
   1.4645117e-01   1.8474797e-01
   1.5777591e-01   1.7673997e-01
   1.3750430e-01   1.8494935e-01
   1.4614208e-01   1.8943208e-01
   1.5672579e-01   1.8305362e-01
   1.5738272e-01   1.8791888e-01
   1.4835556e-01   1.9183259e-01
   1.6059296e-01   1.8558964e-01
   1.5726487e-01   1.8878031e-01
   1.5013859e-01   1.8839849e-01
   1.4493050e-01   1.8471686e-01
   1.4549526e-01   1.8708819e-01
   1.4798353e-01   1.9772130e-01
   1.5084262e-01   1.9774590e-01
   1.5231876e-01   1.9257864e-01
   1.4549452e-01   1.9448829e-01
   1.3918385e-01   1.9388864e-01
   1.5834436e-01   1.9510585e-01
   1.4624810e-01   1.8947375e-01
   1.5300724e-01   1.9715587e-01
   1.5025318e-01   1.9831284e-01
   1.4949404e-01   1.8711737e-01
   1.4041888e-01   1.9358053e-01
   1.4793173e-01   1.8783449e-01
   1.4750637e-01   2.0004728e-01
   1.5783339e-01   1.9335729e-01
   1.4357968e-01   1.9646428e-01
   1.3722275e-01   1.8746685e-01
   1.4773046e-01   1.9099169e-01
   1.5667291e-01   1.9857841e-01
   1.4982729e-01   2.0055464e-01
   1.5479434e-01   1.9372415e-01
   1.3700149e-01   1.9191574e-01
   1.3875666e-01   1.9416831e-01
  -9.3348878e-01   1.9988570e-01
  -9.4436750e-01   1.9280813e-01
  -9.3556398e-01   1.4217427e-01
  -9.3284523e-01   6.5791203e-02
  -9.2686194e-01  -3.0385205e-02
  -9.4181572e-01  -1.4793063e-01
  -9.2679001e-01  -2.7332794e-01
  -9.4974440e-01  -4.0465542e-01
  -9.3664751e-01  -5.2924160e-01
  -9.4222077e-01  -6.5707184e-01
  -9.3058117e-01  -7.6916860e-01
  -9.4462341e-01  -8.8320755e-01
  -9.3968505e-01  -9.8739142e-01
  -9.4270411e-01  -1.0872612e+00
  -9.2892523e-01  -1.1838695e+00
  -9.4407311e-01  -1.2780314e+00
  -9.3774776e-01  -1.3555604e+00
  -9.4003013e-01  -1.4288068e+00
  -9.4977820e-01  -1.4939292e+00
  -9.2960443e-01  -1.5616715e+00
  -9.4214719e-01  -1.6191762e+00
  -9.2840570e-01  -1.6731210e+00
  -9.2800649e-01  -1.7195889e+00
  -9.4564172e-01  -1.7538896e+00
  -9.5008451e-01  -1.8018038e+00
  -9.2860797e-01  -1.8305423e+00
  -9.3984090e-01  -1.8673157e+00
  -9.5051374e-01  -1.8871714e+00
  -9.3133413e-01  -1.9154153e+00
  -9.4954345e-01  -1.9420759e+00
  -9.4375911e-01  -1.9711979e+00
  -9.3270314e-01  -1.9854204e+00
  -9.3731910e-01  -1.9976513e+00
  -9.4394434e-01  -2.0173622e+00
  -9.3594220e-01  -2.0387594e+00
  -9.3779473e-01  -2.0434170e+00
  -9.3053837e-01  -2.0533742e+00
  -9.2755973e-01  -2.0737741e+00
  -9.4009853e-01  -2.0831376e+00
  -9.2804948e-01  -2.0822312e+00
  -9.2666083e-01  -2.0912076e+00
  -9.4599062e-01  -2.0966997e+00
  -9.3714886e-01  -2.1106181e+00
  -9.2839270e-01  -2.1109870e+00
  -9.3516528e-01  -2.1205659e+00
  -9.3232790e-01  -2.1150142e+00
  -9.4563261e-01  -2.1314201e+00
  -9.3834491e-01  -2.1352912e+00
  -9.3789183e-01  -2.1293484e+00
  -9.3128091e-01  -2.1365415e+00
  -9.4500860e-01  -2.1445297e+00
  -9.4245464e-01  -2.1417908e+00
  -9.3660250e-01  -2.1439918e+00
  -9.4637355e-01  -2.1455864e+00
  -9.3512335e-01  -2.1408049e+00
  -9.4501186e-01  -2.1432143e+00
  -9.2943393e-01  -2.1515248e+00
  -9.3207576e-01  -2.1442353e+00
  -9.3858323e-01  -2.1588164e+00
  -9.3577012e-01  -2.1576648e+00
  -9.4170935e-01  -2.1474993e+00
  -9.4365127e-01  -2.1572901e+00
  -9.3727893e-01  -2.1560342e+00
  -9.2690310e-01  -2.1521195e+00
  -9.3211637e-01  -2.1609203e+00
  -9.4643947e-01  -2.1519289e+00
  -9.5018535e-01  -2.1635378e+00
  -9.4689449e-01  -2.1601565e+00
  -9.4067876e-01  -2.1526861e+00
  -2.4806057e-01  -2.1521818e+00
  -2.4831925e-01  -2.1660898e+00
  -2.4600873e-01  -2.1182247e+00
  -2.3079781e-01  -2.0514821e+00
  -2.3494742e-01  -1.9671584e+00
  -2.3743255e-01  -1.8755909e+00
  -2.4538691e-01  -1.7665616e+00
  -2.3447925e-01  -1.6692797e+00
  -2.5312683e-01  -1.5596913e+00
  -2.5184110e-01  -1.4568918e+00
  -2.4759182e-01  -1.3563166e+00
  -2.4939329e-01  -1.2726696e+00
  -2.3769864e-01  -1.1849929e+00
  -2.3312280e-01  -1.0909596e+00
  -2.3244725e-01  -1.0238153e+00
  -2.4193503e-01  -9.4996710e-01
  -2.3475550e-01  -8.8376356e-01
  -2.3972441e-01  -8.2344954e-01
  -2.3951248e-01  -7.6458972e-01
  -2.3413577e-01  -7.1764261e-01
  -2.3463333e-01  -6.6668254e-01
  -2.3023218e-01  -6.2290548e-01
  -2.4930551e-01  -5.7741151e-01
  -2.2985889e-01  -5.4798887e-01
  -2.4465119e-01  -5.2090276e-01
  -2.4084370e-01  -4.8604967e-01
  -2.5203027e-01  -4.6237302e-01
  -2.3952108e-01  -4.3954320e-01
  -2.4555567e-01  -4.0707977e-01
  -2.3490861e-01  -3.9086524e-01
  -2.3170147e-01  -3.7837618e-01
  -2.4542364e-01  -3.5458788e-01
  -2.3151230e-01  -3.4587093e-01
  -2.4107229e-01  -3.3677883e-01
  -2.4176834e-01  -3.2310931e-01
  -2.2961486e-01  -3.0712808e-01
  -2.5102446e-01  -3.0206324e-01
  -2.3150303e-01  -2.9591843e-01
  -2.3911354e-01  -2.8945893e-01
  -2.3484844e-01  -2.7915535e-01
  -2.4974062e-01  -2.6489866e-01
  -2.4169831e-01  -2.6730586e-01
  -2.3616923e-01  -2.5951988e-01
  -2.5037855e-01  -2.5756147e-01
  -2.5137755e-01  -2.5046973e-01
  -2.3014244e-01  -2.4750247e-01
  -2.3079930e-01  -2.4616706e-01
  -2.3450829e-01  -2.4277327e-01
  -2.5199657e-01  -2.3523313e-01
  -2.3464065e-01  -2.3591463e-01
  -2.4120503e-01  -2.3792550e-01
  -2.3738753e-01  -2.2620357e-01
  -2.3561407e-01  -2.2958580e-01
  -2.5305227e-01  -2.2485548e-01
  -2.4179663e-01  -2.2482668e-01
  -2.3387184e-01  -2.1994660e-01
  -2.3426121e-01  -2.2532773e-01
  -2.3951183e-01  -2.2690055e-01
  -2.4254804e-01  -2.1841824e-01
  -2.4474555e-01  -2.2511705e-01
  -2.3222697e-01  -2.1515750e-01
  -2.3193953e-01  -2.1402052e-01
  -2.4125462e-01  -2.2232147e-01
  -2.4757108e-01  -2.2488225e-01
  -2.3920179e-01  -2.2241602e-01
  -2.4155767e-01  -2.2133610e-01
  -2.5053663e-01  -2.2138749e-01
  -2.5245360e-01  -2.2277462e-01
  -2.3380069e-01  -2.2065488e-01
   2.7853235e-01  -2.2275510e-01
   2.8724713e-01  -2.2264781e-01
   2.9643453e-01  -2.0435089e-01
   2.9478066e-01  -1.8091455e-01
   2.8195217e-01  -1.4512540e-01
   2.7659846e-01  -1.2562834e-01
   2.8338348e-01  -8.6916766e-02
   2.9327400e-01  -5.5103483e-02
   2.7570508e-01  -1.2599364e-02
   2.9188457e-01   2.4987737e-02
   2.8613602e-01   5.1063769e-02
   2.9545382e-01   8.9852842e-02
   2.7744705e-01   1.1186522e-01
   2.9543824e-01   1.3700574e-01
   2.8718863e-01   1.6141076e-01
   2.9169995e-01   1.9396680e-01
   2.9054556e-01   2.1218813e-01
   2.8802147e-01   2.3507767e-01
   2.9178751e-01   2.4701491e-01
   2.8570459e-01   2.6470119e-01
   2.8715997e-01   2.8471029e-01
   2.9656917e-01   3.0208673e-01
   2.9319658e-01   3.1247571e-01
   2.8161724e-01   3.3194250e-01
   2.7605291e-01   3.3436587e-01
   2.7631494e-01   3.4360502e-01
   2.8319446e-01   3.5926190e-01
   2.8638718e-01   3.6086106e-01
   2.9232472e-01   3.7682296e-01
   2.9569352e-01   3.7440754e-01
   2.9128132e-01   3.8569099e-01
   2.9595717e-01   3.8948050e-01
   2.8962190e-01   3.9008070e-01
   2.7691228e-01   4.0215797e-01
   2.8042010e-01   4.0117554e-01
   2.8867070e-01   4.1214176e-01
   2.8521469e-01   4.0535787e-01
   2.8405349e-01   4.0673335e-01
   2.8066709e-01   4.1451926e-01
   2.9857822e-01   4.2297623e-01
   2.9130427e-01   4.1920438e-01
   2.8612187e-01   4.1930633e-01
   2.9043843e-01   4.2918644e-01
   2.7613769e-01   4.2896397e-01
   2.7666726e-01   4.3193192e-01
   2.9526533e-01   4.2737181e-01
   2.7927364e-01   4.2619636e-01
   2.9180008e-01   4.2566065e-01
   2.9172452e-01   4.2787031e-01
   2.9141484e-01   4.2364581e-01
   2.8716834e-01   4.3568363e-01
   2.8259437e-01   4.2639795e-01
   2.8741335e-01   4.3523943e-01
   2.7674006e-01   4.3941479e-01
   2.8487101e-01   4.3599378e-01
   2.9239128e-01   4.3733357e-01
   2.9591394e-01   4.3296691e-01
   2.8091258e-01   4.3379650e-01
   2.8238228e-01   4.4025499e-01
   2.9524815e-01   4.3415435e-01
   2.8200327e-01   4.3475489e-01
   2.8009779e-01   4.3303030e-01
   2.8393484e-01   4.3240797e-01
   2.7604061e-01   4.4148173e-01
   2.8089638e-01   4.4189422e-01
   2.9038277e-01   4.3823526e-01
   2.8411129e-01   4.3358948e-01
   2.9005233e-01   4.3345246e-01
   2.8328464e-01   4.3822539e-01
   7.5164123e-01   4.4202662e-01
   7.4701195e-01   4.3490832e-01
   7.4572168e-01   4.6060504e-01
   7.4185468e-01   4.9619576e-01
   7.5179012e-01   5.4980701e-01
   7.5596575e-01   6.0110536e-01
   7.4347326e-01   6.5981349e-01
   7.5833274e-01   7.1792544e-01
   7.4774044e-01   7.7425739e-01
   7.3959249e-01   8.2848981e-01
   7.4007286e-01   8.8020436e-01
   7.3826479e-01   9.3604342e-01
   7.4606672e-01   9.8157400e-01
   7.5542573e-01   1.0337427e+00
   7.3653160e-01   1.0810512e+00
   7.5242658e-01   1.1145118e+00
   7.5362018e-01   1.1513165e+00
   7.5063452e-01   1.1851948e+00
   7.3821651e-01   1.2194105e+00
   7.4938875e-01   1.2512059e+00
   7.4901709e-01   1.2803409e+00
   7.5333500e-01   1.2915162e+00
   7.4223550e-01   1.3228110e+00
   7.4037069e-01   1.3351523e+00
   7.4250474e-01   1.3510306e+00
   7.3849996e-01   1.3687151e+00
   7.5789899e-01   1.3938703e+00
   7.3826278e-01   1.4045125e+00
   7.3933978e-01   1.4123491e+00
   7.4571433e-01   1.4279489e+00
   7.4078232e-01   1.4374245e+00
   7.5077854e-01   1.4479374e+00
   7.5136802e-01   1.4536569e+00
   7.4191654e-01   1.4566803e+00
   7.3809421e-01   1.4610647e+00
   7.3525600e-01   1.4760713e+00
   7.3915834e-01   1.4786767e+00
   7.5050151e-01   1.4758665e+00
   7.3563077e-01   1.4821875e+00
   7.5547648e-01   1.4919062e+00
   7.4619901e-01   1.4940435e+00
   7.4176709e-01   1.4953239e+00
   7.3978583e-01   1.5038701e+00
   7.4526614e-01   1.5062511e+00
   7.4985040e-01   1.5002136e+00
   7.5540650e-01   1.5045625e+00
   7.4999144e-01   1.5042168e+00
   7.4299448e-01   1.5063456e+00
   7.5015207e-01   1.5088315e+00
   7.4394553e-01   1.5161584e+00
   7.3515487e-01   1.5171391e+00
   7.3967764e-01   1.5096550e+00
   7.5104506e-01   1.5221640e+00
   7.4296235e-01   1.5155668e+00
   7.4034689e-01   1.5129752e+00
   7.4627218e-01   1.5258160e+00
   7.4084694e-01   1.5166256e+00
   7.4217883e-01   1.5261798e+00
   7.3763633e-01   1.5262894e+00
   7.4905006e-01   1.5194122e+00
   7.4199166e-01   1.5168441e+00
   7.3649309e-01   1.5287894e+00
   7.5672999e-01   1.5267073e+00
   7.4931873e-01   1.5203532e+00
   7.4688322e-01   1.5252432e+00
   7.3706406e-01   1.5211204e+00
   7.3988797e-01   1.5285694e+00
   7.5368325e-01   1.5287457e+00
   7.5800037e-01   1.5282019e+00
   9.6239394e-01   1.5192331e+00
   9.6286116e-01   1.5186923e+00
   9.6309537e-01   1.5348937e+00
   9.6919705e-01   1.5509154e+00
   9.7009003e-01   1.5657876e+00
   9.6169589e-01   1.5796832e+00
   9.7740524e-01   1.5978192e+00
   9.7557075e-01   1.6219560e+00
   9.6878971e-01   1.6481645e+00
   9.7634073e-01   1.6635485e+00
   9.7252672e-01   1.6886989e+00
   9.6595930e-01   1.7063598e+00
   9.8265264e-01   1.7200661e+00
   9.7947493e-01   1.7465469e+00
   9.6365449e-01   1.7623227e+00
   9.7290527e-01   1.7816586e+00
   9.8045943e-01   1.7873043e+00
   9.7124383e-01   1.7941862e+00
   9.7969394e-01   1.8110085e+00
   9.6160538e-01   1.8256838e+00
   9.7799959e-01   1.8389630e+00
   9.6758740e-01   1.8397115e+00
   9.6965266e-01   1.8452076e+00
   9.8112243e-01   1.8625567e+00
   9.6774430e-01   1.8632547e+00
   9.7287203e-01   1.8683553e+00
   9.6085082e-01   1.8791861e+00
   9.8002054e-01   1.8750909e+00
   9.6943662e-01   1.8819982e+00
   9.6261232e-01   1.8919819e+00
   9.7793218e-01   1.8923048e+00
   9.6731740e-01   1.9024701e+00
   9.6096412e-01   1.8967411e+00
   9.6537381e-01   1.9026280e+00
   9.6589828e-01   1.9103060e+00
   9.6946897e-01   1.9099341e+00
   9.7508538e-01   1.9139653e+00
   9.7130250e-01   1.9054698e+00
   9.8276535e-01   1.9145239e+00
   9.8335648e-01   1.9141383e+00
   9.6584761e-01   1.9111927e+00
   9.6899354e-01   1.9095467e+00
   9.7773811e-01   1.9201837e+00
   9.6227372e-01   1.9165880e+00
   9.6355787e-01   1.9151843e+00
   9.6131433e-01   1.9139867e+00
   9.8077122e-01   1.9160327e+00
   9.8128398e-01   1.9234299e+00
   9.7501066e-01   1.9236753e+00
   9.8348482e-01   1.9206901e+00
   9.7306290e-01   1.9201595e+00
   9.7649704e-01   1.9224878e+00
   9.7447535e-01   1.9167677e+00
   9.7531232e-01   1.9240068e+00
   9.6337391e-01   1.9257750e+00
   9.7181136e-01   1.9175267e+00
   9.7552796e-01   1.9271692e+00
   9.7093682e-01   1.9194327e+00
   9.7383878e-01   1.9238931e+00
   9.7032364e-01   1.9174211e+00
   9.7734892e-01   1.9260012e+00
   9.6180259e-01   1.9177604e+00
   9.8142915e-01   1.9287358e+00
   9.7825028e-01   1.9191565e+00
   9.6604021e-01   1.9271243e+00
   9.6332857e-01   1.9293177e+00
   9.6534769e-01   1.9264525e+00
   9.7633719e-01   1.9233968e+00
   9.8185756e-01   1.9229796e+00
   9.4743563e-01   1.9269726e+00
   9.4041308e-01   1.9278893e+00
   9.2851133e-01   1.9226006e+00
   9.3987025e-01   1.9242860e+00
   9.3108603e-01   1.9249965e+00
   9.3926902e-01   1.9214175e+00
   9.2805505e-01   1.9175193e+00
   9.3285453e-01   1.9132480e+00
   9.4977487e-01   1.9080683e+00
   9.3543658e-01   1.9115112e+00
   9.4610238e-01   1.9095407e+00
   9.4937857e-01   1.9121369e+00
   9.4243309e-01   1.8987383e+00
   9.4451900e-01   1.8988485e+00
   9.4304278e-01   1.9077274e+00
   9.3419404e-01   1.8998693e+00
   9.3183294e-01   1.9057112e+00
   9.3088545e-01   1.9040635e+00
   9.4692651e-01   1.8909533e+00
   9.3914881e-01   1.9022912e+00
   9.3195688e-01   1.8900174e+00
   9.2961942e-01   1.8951356e+00
   9.3063726e-01   1.8883190e+00
   9.3436107e-01   1.8878263e+00
   9.4416490e-01   1.8967788e+00
   9.2642213e-01   1.8975203e+00
   9.2923463e-01   1.8897551e+00
   9.3832611e-01   1.8922258e+00
   9.3389005e-01   1.8838504e+00
   9.3331434e-01   1.8942528e+00
   9.3316284e-01   1.8861912e+00
   9.3652731e-01   1.8902945e+00
   9.3456299e-01   1.8918397e+00
   9.4572715e-01   1.8866023e+00
   9.3717014e-01   1.8858192e+00
   9.4703973e-01   1.8874322e+00
   9.3549447e-01   1.8890378e+00
   9.3231269e-01   1.8906277e+00
   9.3293376e-01   1.8885166e+00
   9.4210408e-01   1.8824296e+00
   9.3227006e-01   1.8810544e+00
   9.3982822e-01   1.8910949e+00
   9.3149206e-01   1.8820293e+00
   9.3551191e-01   1.8907259e+00
   9.2808966e-01   1.8892941e+00
   9.4138426e-01   1.8838600e+00
   9.3948292e-01   1.8878763e+00
   9.3284289e-01   1.8898538e+00
   9.4497598e-01   1.8814239e+00
   9.4797285e-01   1.8802365e+00
   9.4130581e-01   1.8922289e+00
   9.3688998e-01   1.8906455e+00
   9.3502488e-01   1.8822206e+00
   9.4049894e-01   1.8902048e+00
   9.3818908e-01   1.8873994e+00
   9.4307511e-01   1.8884270e+00
   9.3881510e-01   1.8802730e+00
   5.2857795e-01   1.8807499e+00
